ground distance, LOS dist, two ray, free space
5, 45.2769, 62.5678, 64.7067
6, 45.3982, 63.3026, 64.5926
7, 45.5412, 64.6328, 64.6652
8, 45.7056, 66.5839, 64.8353
9, 45.8912, 68.2013, 64.7556
10, 46.0977, 67.5922, 64.8253
11, 46.3249, 64.781, 64.7127
12, 46.5725, 62.8989, 64.8144
13, 46.8402, 62.1342, 64.8642
14, 47.1275, 62.6928, 65.0281
15, 47.4342, 64.876, 65.1802
16, 47.7598, 68.2319, 65.2486
17, 48.1041, 67.4794, 65.1843
18, 48.4665, 63.8548, 65.2737
19, 48.8467, 62.5249, 65.3836
20, 49.2443, 63.3835, 65.401
21, 49.6588, 66.7814, 65.4453
22, 50.0899, 68.7134, 65.477
23, 50.5371, 64.4733, 65.4285
24, 51, 62.8152, 65.6572
25, 51.4782, 64.1949, 65.8953
26, 51.9711, 68.4074, 65.9133
27, 52.4786, 68.0857, 66.1628
28, 53, 63.9738, 66.0109
29, 53.535, 63.4483, 66.0982
30, 54.0833, 66.4452, 66.1045
31, 54.6443, 70.2448, 66.459
32, 55.2178, 65.5173, 66.4374
33, 55.8032, 63.5959, 66.4651
34, 56.4004, 64.9881, 66.307
35, 57.0088, 69.81, 66.5771
36, 57.6281, 67.3361, 66.7665
37, 58.258, 64.3408, 66.9587
38, 58.8982, 64.8199, 66.8818
39, 59.5483, 69.0111, 67.1065
40, 60.208, 69.5, 67.1185
41, 60.8769, 65.1705, 67.1109
42, 61.5549, 64.5392, 67.3281
43, 62.2415, 67.3206, 67.3485
44, 62.9365, 70.6512, 67.2636
45, 63.6396, 67.3953, 67.6416
46, 64.3506, 65.168, 67.8974
47, 65.0692, 65.8524, 67.7129
48, 65.7951, 69.881, 67.8523
49, 66.5282, 70.2149, 67.9399
50, 67.2681, 66.4747, 68.2078
51, 68.0147, 65.4187, 68.2213
52, 68.7677, 67.1505, 68.0977
53, 69.527, 71.7714, 68.338
54, 70.2922, 69.8805, 68.4526
55, 71.0634, 66.5872, 68.5387
56, 71.8401, 65.9922, 68.7498
57, 72.6223, 67.8066, 68.6947
58, 73.4098, 71.6838, 68.7798
59, 74.2024, 70.9083, 69.0242
60, 75, 67.2468, 68.9983
61, 75.8024, 66.4538, 69.2633
62, 76.6094, 67.8859, 69.4075
63, 77.4209, 71.2021, 69.4108
64, 78.2368, 72.6278, 69.4177
65, 79.0569, 69.2361, 69.5083
66, 79.8812, 67.1196, 69.5222
67, 80.7094, 67.1403, 69.7721
68, 81.5414, 68.9249, 69.6007
69, 82.3772, 72.2534, 69.7444
70, 83.2166, 72.7603, 69.897
71, 84.0595, 69.7917, 70.1478
72, 84.9058, 67.8721, 70.2169
73, 85.7555, 67.6891, 70.1472
74, 86.6083, 69.2788, 70.244
75, 87.4643, 72.0925, 70.2013
76, 88.3233, 73.3879, 70.3562
77, 89.1852, 71.4407, 70.5444
78, 90.05, 69.0719, 70.6988
79, 90.9175, 68.2018, 70.5906
80, 91.7878, 68.4946, 70.6776
81, 92.6607, 70.4713, 70.747
82, 93.5361, 72.8075, 70.7885
83, 94.414, 74.2146, 71.0524
84, 95.2943, 72.0813, 71.1089
85, 96.1769, 69.9429, 71.1499
86, 97.0618, 69.0161, 71.2381
87, 97.949, 69.1343, 71.3607
88, 98.8383, 70.4435, 71.7313
89, 99.7296, 72.2946, 71.5723
90, 100.623, 74.2578, 71.5576
91, 101.518, 74.3106, 71.7134
92, 102.416, 72.2244, 71.642
93, 103.315, 70.8213, 71.9304
94, 104.216, 69.7766, 71.8148
95, 105.119, 69.8947, 72.11
96, 106.024, 70.5597, 72.0008
97, 106.93, 71.6954, 71.8634
98, 107.838, 73.834, 72.1743
99, 108.747, 74.9974, 72.2932
100, 109.659, 74.6852, 72.3635
101, 110.571, 72.7861, 72.3526
102, 111.485, 71.5085, 72.5915
103, 112.401, 70.7988, 72.5017
104, 113.318, 70.6017, 72.7286
105, 114.237, 70.96, 72.675
106, 115.156, 71.9033, 72.7643
107, 116.078, 73.1068, 72.851
108, 117, 74.8464, 72.9684
109, 117.924, 75.2345, 72.8903
110, 118.849, 75.0032, 73.0979
111, 119.775, 73.7033, 73.0971
112, 120.702, 72.4026, 73.0074
113, 121.631, 71.6587, 73.1121
114, 122.56, 71.5054, 73.2706
115, 123.491, 71.5841, 73.4597
116, 124.423, 72.1549, 73.4343
117, 125.355, 73.0074, 73.5189
118, 126.289, 73.8298, 73.5093
119, 127.224, 74.8851, 73.6321
120, 128.16, 75.9908, 73.8337
121, 129.097, 75.6297, 73.6809
122, 130.035, 74.9567, 73.9081
123, 130.973, 74.2283, 73.8822
124, 131.913, 73.2016, 73.9486
125, 132.853, 72.8517, 73.9863
126, 133.795, 72.473, 73.9549
127, 134.737, 72.6585, 74.2436
128, 135.68, 72.7567, 74.202
129, 136.624, 73.2191, 74.1196
130, 137.568, 74.0476, 74.3264
131, 138.514, 74.8788, 74.4882
132, 139.46, 75.6681, 74.5003
133, 140.407, 76.2823, 74.5325
134, 141.354, 76.0402, 74.4537
135, 142.302, 76.1605, 74.6534
136, 143.252, 75.4479, 74.6561
137, 144.201, 74.7707, 74.6269
138, 145.152, 74.3123, 74.7055
139, 146.103, 73.8312, 74.773
140, 147.054, 73.7305, 74.8771
141, 148.007, 73.6937, 75.0527
142, 148.96, 73.6041, 74.879
143, 149.913, 74.0427, 75.0839
144, 150.867, 74.3604, 75.1302
145, 151.822, 74.5976, 74.983
146, 152.778, 75.2372, 75.2925
147, 153.734, 76.0824, 75.396
148, 154.69, 76.63, 75.5271
149, 155.647, 76.7671, 75.3835
150, 156.605, 76.725, 75.3889
152, 158.521, 76.4447, 75.7373
154, 160.44, 75.7849, 75.6535
156, 162.361, 74.9944, 75.5891
158, 164.283, 75.0509, 76.0041
160, 166.208, 75.0371, 75.9537
162, 168.134, 75.5013, 76.0189
164, 170.062, 76.1071, 76.0682
166, 171.991, 76.8086, 76.3059
168, 173.922, 77.1965, 76.4185
170, 175.855, 77.0794, 76.3143
172, 177.789, 77.0991, 76.4974
174, 179.725, 76.6747, 76.5461
176, 181.662, 76.5753, 76.8212
178, 183.6, 76.2561, 76.7724
180, 185.54, 76.2017, 76.7736
182, 187.481, 76.5154, 77.0196
184, 189.423, 76.7951, 77.1179
186, 191.366, 77.0613, 77.1824
188, 193.311, 77.2309, 77.1427
190, 195.256, 77.6449, 77.3946
192, 197.203, 77.6384, 77.3351
194, 199.151, 77.8118, 77.5003
196, 201.099, 77.8429, 77.5871
198, 203.049, 78.0652, 77.8876
200, 205, 77.8867, 77.8375
202, 206.952, 78.0232, 78.021
204, 208.904, 77.8336, 77.8852
206, 210.858, 77.9834, 78.0579
208, 212.812, 78.0788, 78.1292
210, 214.767, 78.156, 78.1801
212, 216.723, 78.3765, 78.381
214, 218.68, 78.3347, 78.3281
216, 220.638, 78.4253, 78.4517
218, 222.596, 78.1744, 78.2379
220, 224.555, 78.3723, 78.489
222, 226.515, 78.4646, 78.6448
224, 228.475, 78.3704, 78.6093
226, 230.437, 78.4628, 78.7157
228, 232.398, 78.7147, 78.9449
230, 234.361, 78.6915, 78.8926
232, 236.324, 78.8856, 79.0416
234, 238.288, 79.0674, 79.0915
236, 240.252, 79.2807, 79.1981
238, 242.217, 79.2799, 79.0425
240, 244.182, 79.6012, 79.1868
242, 246.148, 80.0283, 79.4868
244, 248.115, 79.8374, 79.2704
246, 250.082, 80.138, 79.5199
248, 252.05, 80.2519, 79.6433
250, 254.018, 80.0827, 79.6732
255, 258.94, 79.9111, 79.8113
260, 263.865, 79.6011, 80.0412
265, 268.794, 79.3165, 80.0942
270, 273.724, 79.4581, 80.4294
275, 278.657, 79.8246, 80.4575
280, 283.593, 79.9999, 80.4461
285, 288.531, 81.4261, 80.7841
290, 293.471, 82.2098, 80.9894
295, 298.412, 82.3786, 80.9632
300, 303.356, 82.4299, 81.1623
305, 308.302, 82.2658, 81.1759
310, 313.249, 81.6214, 81.4519
315, 318.198, 81.0191, 81.7146
320, 323.149, 80.6094, 81.5612
325, 328.101, 80.2963, 81.8565
330, 333.054, 80.4006, 82.0929
335, 338.009, 80.5624, 82.1944
340, 342.965, 80.813, 82.1697
345, 347.922, 81.5906, 82.4122
350, 352.881, 81.7799, 82.3958
355, 357.841, 83.434, 82.6079
360, 362.802, 84.7278, 82.7847
365, 367.764, 85.2715, 82.8983
370, 372.726, 85.271, 82.7883
375, 377.69, 85.4648, 83.0878
380, 382.655, 85.9914, 83.2298
385, 387.621, 85.0895, 83.2372
390, 392.588, 84.2416, 83.3413
395, 397.555, 83.4248, 83.5506
400, 402.523, 83.2833, 83.7609
405, 407.492, 82.3009, 83.8473
410, 412.462, 82.422, 83.8287
415, 417.433, 82.0219, 84.104
420, 422.404, 81.9016, 83.9173
425, 427.376, 81.7494, 84.2164
430, 432.348, 82.0192, 84.2881
435, 437.321, 81.8069, 84.2358
440, 442.295, 82.4478, 84.4375
445, 447.269, 83.426, 84.6495
450, 452.244, 83.2312, 84.6394
455, 457.22, 83.9561, 84.704
460, 462.196, 84.5287, 84.7548
465, 467.172, 85.3363, 84.9019
470, 472.149, 86.2958, 85.0464
475, 477.127, 87.8747, 85.1441
480, 482.105, 88.0484, 85.2057
485, 487.083, 88.2703, 85.3081
490, 492.062, 89.318, 85.3811
495, 497.041, 89.4986, 85.3668
500, 502.021, 89.7662, 85.5333
505, 507.001, 89.6268, 85.6783
510, 511.981, 89.2839, 85.624
515, 516.962, 88.7099, 85.823
520, 521.943, 88.738, 85.7957
525, 526.925, 87.5627, 85.9299
530, 531.907, 87.8019, 85.9664
535, 536.889, 86.3378, 86.1736
540, 541.872, 87.1479, 86.1816
545, 546.855, 85.09, 86.1921
550, 551.838, 84.8154, 86.2902
555, 556.821, 85.3255, 86.488
560, 561.805, 84.3376, 86.7295
565, 566.789, 83.9953, 86.4861
570, 571.774, 84.7043, 86.7005
575, 576.758, 84.1889, 86.7628
580, 581.743, 83.6754, 86.9261
585, 586.728, 83.7011, 86.9292
590, 591.714, 83.7517, 86.9242
595, 596.699, 83.8256, 87.0778
600, 601.685, 83.9756, 87.3001
610, 611.658, 83.9817, 87.1244
620, 621.631, 84.5142, 87.3354
630, 631.605, 84.8809, 87.5409
640, 641.58, 84.3374, 87.7077
650, 651.556, 85.8514, 87.8527
660, 661.532, 86.6582, 87.943
670, 671.509, 85.841, 87.9268
680, 681.487, 87.02, 88.1967
690, 691.466, 90.3125, 88.1183
700, 701.445, 93.2515, 88.3889
710, 711.425, 92.4237, 88.6295
720, 721.405, 96.1752, 88.8536
730, 731.386, 91.8405, 88.7433
740, 741.367, 95.0038, 88.9152
750, 751.349, 96.2329, 89.1955
760, 761.331, 90.6594, 89.1809
770, 771.314, 96.1096, 89.4255
780, 781.297, 95.6125, 89.291
790, 791.281, 91.8773, 89.5249
800, 801.265, 90.7624, 89.5575
810, 811.249, 93.501, 89.6114
820, 821.234, 89.4187, 89.968
830, 831.219, 89.3061, 89.7865
840, 841.204, 91.9027, 90.0038
850, 851.19, 87.7895, 89.8572
860, 861.177, 88.9507, 90.2999
870, 871.163, 88.3995, 90.358
880, 881.15, 88.6437, 90.3614
890, 891.137, 87.9209, 90.7898
900, 901.124, 87.1397, 90.7383
910, 911.112, 87.972, 90.7629
920, 921.1, 86.8112, 90.632
930, 931.088, 86.6216, 90.8467
940, 941.077, 87.3325, 90.833
950, 951.065, 87.5239, 91.0311
960, 961.054, 87.008, 91.0918
970, 971.043, 87.1012, 91.2942
980, 981.033, 87.1701, 91.4095
990, 991.022, 87.2019, 91.4689
1000, 1001.01, 87.227, 91.5736