Ground distance, pathloss, LOS distance, average ray length
5, 36.3982, 5, 4.99344
6, 37.0127, 6, 5.99167
7, 39.3207, 7, 6.99149
8, 38.7197, 8, 7.98924
9, 41.2403, 9, 8.98854
10, 41.0357, 10, 9.98667
11, 44.496, 11, 10.9878
12, 40.8585, 12, 11.9848
13, 44.9779, 13, 12.9822
14, 43.9583, 14, 13.9816
15, 46.2209, 15, 14.98
16, 47.4029, 16, 15.9794
17, 45.2668, 17, 16.9792
18, 47.8045, 18, 17.9788
19, 46.2329, 19, 18.9764
20, 48.7197, 20, 19.9737
21, 48.5999, 21, 20.9726
22, 46.6844, 22, 21.9705
23, 48.4723, 23, 22.9705
24, 48.4469, 24, 23.9714
25, 52.0048, 25, 24.9706
26, 48.78, 26, 25.9636
27, 53.5448, 27, 26.9612
28, 50.6156, 28, 27.9677
29, 51.1552, 29, 28.9628
30, 51.9612, 30, 29.9651
31, 52.246, 31, 30.958
32, 52.0102, 32, 31.9634
33, 52.2775, 33, 32.9588
34, 51.6653, 34, 33.9552
35, 51.7241, 35, 34.9576
36, 54.1247, 36, 35.9475
37, 53.5195, 37, 36.9515
38, 52.8335, 38, 37.954
39, 52.3019, 39, 38.9476
40, 54.46, 40, 39.9462
41, 55.2544, 41, 40.9426
42, 53.5007, 42, 41.9396
43, 54.5766, 43, 42.9368
44, 55.2878, 44, 43.9449
45, 56.0629, 45, 44.9374
46, 54.7048, 46, 45.9424
47, 56.141, 47, 46.9473
48, 55.5321, 48, 47.94
49, 58.2639, 49, 48.9457
50, 54.2896, 50, 49.9416
51, 58.6114, 51, 50.9351
52, 56.2273, 52, 51.9407
53, 56.9043, 53, 52.9295
54, 58.6939, 54, 53.9244
55, 56.4797, 55, 54.9344
56, 56.871, 56, 55.9362
57, 57.273, 57, 56.9322
58, 58.5891, 58, 57.9268
59, 56.8667, 59, 58.9248
60, 56.2209, 60, 59.9259
61, 58.1254, 61, 60.914
62, 56.6905, 62, 61.9232
63, 58.1423, 63, 62.9234
64, 57.796, 64, 63.9244
65, 57.101, 65, 64.9168
66, 59.3896, 66, 65.9252
67, 58.4287, 67, 66.91
68, 57.4929, 68, 67.9197
69, 61.237, 69, 68.9009
70, 60.5701, 70, 69.9061
71, 59.7242, 71, 70.9062
72, 56.8354, 72, 71.9133
73, 59.6852, 73, 72.8921
74, 59.5401, 74, 73.9012
75, 59.92, 75, 74.8994
76, 58.652, 76, 75.9119
77, 59.4023, 77, 76.9226
78, 61.5101, 78, 77.8966
79, 60.108, 79, 78.9216
80, 59.7342, 80, 79.9173
81, 60.5885, 81, 80.9243
82, 61.275, 82, 81.8936
83, 63.8106, 83, 82.8732
84, 60.158, 84, 83.8915
85, 61.2874, 85, 84.9045
86, 59.5327, 86, 85.8983
87, 60.4628, 87, 86.8845
88, 61.3084, 88, 87.8879
89, 59.4684, 89, 88.8839
90, 60.7573, 90, 89.9011
91, 61.5996, 91, 90.8834
92, 60.7254, 92, 91.8903
93, 63.4157, 93, 92.8548
94, 61.135, 94, 93.8951
95, 61.0041, 95, 94.8783
96, 61.5527, 96, 95.8708
97, 59.4242, 97, 96.8859
98, 61.0623, 98, 97.8718
99, 61.82, 99, 98.8969
100, 63.3205, 100, 99.8809
101, 63.7546, 101, 100.868
102, 62.8711, 102, 101.86
103, 62.4122, 103, 102.868
104, 64.0088, 104, 103.88
105, 64.8838, 105, 104.883
106, 62.9249, 106, 105.873
107, 61.8255, 107, 106.866
108, 64.3366, 108, 107.877
109, 60.4373, 109, 108.868
110, 61.6705, 110, 109.872
111, 63.0619, 111, 110.877
112, 62.8916, 112, 111.884
113, 61.9043, 113, 112.856
114, 64.1368, 114, 113.844
115, 62.8864, 115, 114.84
116, 62.1319, 116, 115.857
117, 64.0628, 117, 116.838
118, 63.5931, 118, 117.854
119, 62.3536, 119, 118.842
120, 64.5823, 120, 119.853
121, 64.3548, 121, 120.869
122, 63.3996, 122, 121.834
123, 63.0359, 123, 122.856
124, 62.0148, 124, 123.855
125, 66.8557, 125, 124.884
126, 63.9147, 126, 125.856
127, 64.7751, 127, 126.828
128, 63.5939, 128, 127.863
129, 62.8697, 129, 128.826
130, 63.3146, 130, 129.837
131, 65.0445, 131, 130.829
132, 63.6493, 132, 131.814
133, 66.5231, 133, 132.839
134, 64.2145, 134, 133.839
135, 63.4494, 135, 134.822
136, 65.0896, 136, 135.812
137, 64.8899, 137, 136.851
138, 64.7048, 138, 137.814
139, 66.1808, 139, 138.837
140, 64.1603, 140, 139.816
141, 66.3049, 141, 140.856
142, 66.0445, 142, 141.821
143, 65.014, 143, 142.835
144, 64.203, 144, 143.798
145, 65.3828, 145, 144.811
146, 65.7058, 146, 145.818
147, 66.6669, 147, 146.827
148, 64.8549, 148, 147.83
149, 64.7015, 149, 148.815
150, 68.9509, 150, 149.789
152, 65.5441, 152, 151.81
154, 65.9059, 154, 153.795
156, 64.5204, 156, 155.807
158, 63.9615, 158, 157.785
160, 63.9184, 160, 159.798
162, 66.6091, 162, 161.818
164, 66.7157, 164, 163.794
166, 68.8621, 166, 165.8
168, 64.3422, 168, 167.79
170, 68.655, 170, 169.795
172, 67.1293, 172, 171.768
174, 65.8467, 174, 173.805
176, 66.148, 176, 175.785
178, 67.1639, 178, 177.779
180, 67.0127, 180, 179.773
182, 66.8739, 182, 181.778
184, 65.9542, 184, 183.78
186, 66.8399, 186, 185.761
188, 67.9019, 188, 187.772
190, 68.2741, 190, 189.784
192, 68.6647, 192, 191.717
194, 67.2057, 194, 193.757
196, 65.5339, 196, 195.746
198, 67.1711, 198, 197.773
200, 69.3411, 200, 199.8
202, 67.7795, 202, 201.742
204, 68.8917, 204, 203.793
206, 67.5151, 206, 205.71
208, 68.5168, 208, 207.723
210, 69.1434, 210, 209.768
212, 69.5254, 212, 211.746
214, 67.644, 214, 213.749
216, 68.3615, 216, 215.755
218, 69.7678, 218, 217.736
220, 69.0039, 220, 219.74
222, 69.0825, 222, 221.722
224, 71.051, 224, 223.64
226, 67.2285, 226, 225.692
228, 69.5775, 228, 227.714
230, 71.6945, 230, 229.75
232, 69.217, 232, 231.712
234, 68.227, 234, 233.711
236, 70.1573, 236, 235.681
238, 69.204, 238, 237.704
240, 71.2724, 240, 239.673
242, 73.6853, 242, 241.677
244, 69.655, 244, 243.684
246, 70.2375, 246, 245.68
248, 70.3078, 248, 247.665
250, 70.1143, 250, 249.663
255, 71.799, 255, 254.636
260, 70.9985, 260, 259.672
265, 70.6204, 265, 264.626
270, 70.5345, 270, 269.623
275, 69.4445, 275, 274.676
280, 69.601, 280, 279.621
285, 72.7651, 285, 284.649
290, 71.4034, 290, 289.662
295, 70.4322, 295, 294.64
300, 71.9612, 300, 299.635
305, 72.3851, 305, 304.631
310, 71.4997, 310, 309.634
315, 69.9546, 315, 314.548
320, 70.9457, 320, 319.638
325, 71.4754, 325, 324.616
330, 71.6081, 330, 329.578
335, 72.4081, 335, 334.553
340, 73.6283, 340, 339.536
345, 75.2164, 345, 344.621
350, 73.5804, 350, 349.537
355, 73.4233, 355, 354.519
360, 71.9687, 360, 359.55
365, 73.6646, 365, 364.545
370, 73.2713, 370, 369.514
375, 71.7909, 375, 374.466
380, 72.4384, 380, 379.529
385, 74.7079, 385, 384.518
390, 73.4937, 390, 389.442
395, 72.7746, 395, 394.549
400, 73.4909, 400, 399.507
405, 74.5679, 405, 404.486
410, 72.7363, 410, 409.486
415, 76.0291, 415, 414.606
420, 75.164, 420, 419.425
425, 74.9866, 425, 424.561
430, 73.5121, 430, 429.44
435, 77.6873, 435, 434.44
440, 76.9151, 440, 439.331
445, 73.8099, 445, 444.426
450, 73.9069, 450, 449.476
455, 72.9962, 455, 454.48
460, 74.7048, 460, 459.48
465, 73.8296, 465, 464.393
470, 75.8607, 470, 469.479
475, 74.9835, 475, 474.366
480, 76.0436, 480, 479.5
485, 75.1645, 485, 484.406
490, 75.4764, 490, 489.4
495, 76.3109, 495, 494.431
500, 76.9781, 500, 499.332
505, 75.5155, 505, 504.357
510, 75.6011, 510, 509.379
515, 75.9086, 515, 514.357
520, 75.3558, 520, 519.354
525, 76.0756, 525, 524.447
530, 76.158, 530, 529.392
535, 76.0167, 535, 534.299
540, 76.0975, 540, 539.334
545, 79.6455, 545, 544.305
550, 77.5063, 550, 549.27
555, 76.1236, 555, 554.418
560, 75.4443, 560, 559.406
565, 76.7134, 565, 564.253
570, 77.273, 570, 569.315
575, 75.1818, 575, 574.249
580, 77.1758, 580, 579.238
585, 77.0156, 585, 584.299
590, 78.7376, 590, 589.2
595, 77.3976, 595, 594.235
600, 76.4057, 600, 599.277
610, 76.3645, 610, 609.225
620, 77.7551, 620, 619.245
630, 78.6859, 630, 629.234
640, 77.796, 640, 639.226
650, 80.3043, 650, 649.077
660, 78.5464, 660, 659.182
670, 77.9712, 670, 669.232
680, 79.9707, 680, 679.209
690, 80.4451, 690, 689.184
700, 83.5804, 700, 699.178
710, 80.3457, 710, 709.067
720, 79.0539, 720, 719.111
730, 80.587, 730, 728.968
740, 80.0837, 740, 739.158
750, 79.6567, 750, 749.045
760, 80.035, 760, 759.054
770, 83.1589, 770, 769.082
780, 78.8776, 780, 778.977
790, 80.3713, 790, 788.781
800, 82.1078, 800, 799.087
810, 79.0124, 810, 808.994
820, 80.6951, 820, 818.944
830, 80.537, 830, 828.985
840, 80.9044, 840, 838.983
850, 79.8262, 850, 849.012
860, 80.5972, 860, 858.866
870, 80.9459, 870, 868.942
880, 80.5621, 880, 878.915
890, 81.6869, 890, 888.93
900, 81.7839, 900, 898.866
910, 80.2166, 910, 908.904
920, 81.9748, 920, 918.81
930, 83.0378, 930, 928.923
940, 81.8813, 940, 938.808
950, 81.9732, 950, 948.897
960, 82.0642, 960, 958.741
970, 81.4079, 970, 968.753
980, 82.2433, 980, 978.896
990, 80.9485, 990, 988.652
1000, 82.9987, 1000, 998.654