Building is 156852
[(-104.97853712392714, 39.65062310382763), 
(-104.97853932993519, 39.65049698836913), 
(-104.97851513384722, 39.65050898241276), 
(-104.97847333069524, 39.65045859822959), 
(-104.97849751878317, 39.65044660218598), 
(-104.97849933078976, 39.65034301580937), 
(-104.97859023812026, 39.650343963812816), 
(-104.97859013011987, 39.65035019783551), 
(-104.97862537624798, 39.65035056383681), 
(-104.9786264562519, 39.6502887406121), 
(-104.9787615677431, 39.650290149617206), 
(-104.9787614327426, 39.650297883645294), 
(-104.97875915473435, 39.65042819311907), 
(-104.97871604557758, 39.650427742117415), 
(-104.97871561357601, 39.650452448207204), 
(-104.9788027258927, 39.65045336021052), 
(-104.97880028688388, 39.650592874717745), 
(-104.97877224378192, 39.65059258071665), 
(-104.97870740454618, 39.65059190471419), 
(-104.97870761154695, 39.65058003867108), 
(-104.97867289942076, 39.650579675669746), 
(-104.97867211541791, 39.650624512832735), 
(-104.97853712392714, 39.65062310382763), 
(-104.97869748751015, 39.65043717915171),  3
(-104.97861776322031, 39.6504366501498),   2
(-104.97861694221734, 39.65051027041744),  1,5
(-104.97869666850715, 39.650510802419376), 4
(-104.97869748751015, 39.65043717915171)]  3
[0, 23]
[(-104.97861694221734, 39.65051027041744), 
(-104.97861776322031, 39.6504366501498), 
(-104.97869748751015, 39.65043717915171), 
(-104.97869666850715, 39.650510802419376), 
(-104.97861694221734, 39.65051027041744)]
[0]




Building is 299306
[(-104.94582914701925, 39.72345682461031), 
(-104.94582920801946, 39.72343491753065), 
(-104.94580927694699, 39.72343488753057), 
(-104.94579195788401, 39.723434857530435), 
(-104.945791942884, 39.723439877548685), 
(-104.94578185984733, 39.72343985954865), 
(-104.94576347278047, 39.723455368605016), 
(-104.9456246232757, 39.72345514360421), 
(-104.94562530327818, 39.72320495769469), 
(-104.94570959858464, 39.72320509269514), 
(-104.94570946258415, 39.7232559578801), 
(-104.94573510167731, 39.72325600088021), 
(-104.9457351536775, 39.72323621680829), 
(-104.94575197073868, 39.72322339276167), 
(-104.94576155277349, 39.72321501473124), 
(-104.94579930191071, 39.72321507773148), 
(-104.94579932191078, 39.72320746470376), 
(-104.9459583414889, 39.72320772070469), 
(-104.94595824548855, 39.723242762832115), 
(-104.94597896456389, 39.72324279583222), 
(-104.94597890956368, 39.72326355790773), 
(-104.94595979349418, 39.72326352590761), 
(-104.94595962749361, 39.72332463312972), 
(-104.94595684348349, 39.72332782614137), 
(-104.94595682648338, 39.723334216164574), 
(-104.9459591604919, 39.72333422016459), 
(-104.94595906149152, 39.723371356299594), 
(-104.94596142450013, 39.72337135929962), 
(-104.94596129249965, 39.72342048047818), 
(-104.9459535814716, 39.72342046747815), 
(-104.945943242434, 39.72342045247808), 
(-104.94592331036154, 39.72343401752738), 
(-104.94592324736135, 39.72345697761085), 
(-104.94582914701925, 39.72345682461031), end building outside
(-104.94572846665324, 39.723327567140416), start hole
(-104.9457566617557, 39.72330131704496), 
(-104.9457505707336, 39.723301472045534), 
(-104.94575039173293, 39.7232831389789), 
(-104.94573568567944, 39.723282960978224), 
(-104.94573507267722, 39.723272576940474), 
(-104.94571551660613, 39.72328261797702), 
(-104.94571061358829, 39.723325442132705), 
(-104.94572846665324, 39.723327567140416)] end hole
-----------------------
[0, 34]

Building is 319304
[(-104.93852759047485, 39.73332750149456), 
(-104.93853262949318, 39.73296410917351), 
(-104.93883068957678, 39.73296657118243), 
(-104.93882565255842, 39.73332996250355), 
(-104.93852759047485, 39.73332750149456), 
(-104.93880127746985, 39.73326483426678), 
(-104.93880159447099, 39.733025532396766), 
(-104.93858510768393, 39.73302535939615), 
(-104.9385847896828, 39.733264661266105), 
(-104.93880127746985, 39.73326483426678)]
-----------------------
[0, 5]
Building is 319304
[(-104.93865016192046, 39.73306703654765), (-104.93870194210871, 39.73306707854783), (-104.93870178610814, 39.733182824968594), (-104.93865000691989, 39.73318278496845), (-104.93865016192046, 39.73306703654765)]
-----------------------
[0]
Building is 319304
[(-104.93865016192046, 39.73306703654765), (-104.93870194210871, 39.73306707854783), (-104.93870178610814, 39.733182824968594), (-104.93865000691989, 39.73318278496845), (-104.93865016192046, 39.73306703654765)]
-----------------------
[0]
Building is 319304
[(-104.9385847896828, 39.733264661266105), (-104.93858510768393, 39.73302535939615), (-104.93880159447099, 39.733025532396766), (-104.93880127746985, 39.73326483426678), (-104.9385847896828, 39.733264661266105), (-104.93870178610814, 39.733182824968594), (-104.93870194210871, 39.73306707854783), (-104.93865016192046, 39.73306703654765), (-104.93865000691989, 39.73318278496845), (-104.93870178610814, 39.733182824968594)]
-----------------------
[0, 5]



Building is 319954
[(-104.92893396459777, 39.7335639563542), 
(-104.9289338775975, 39.733568820371886), 
(-104.92889297244875, 39.73356838637028), 
(-104.92889249044703, 39.73359555746907), 
(-104.9287627119752, 39.733594184464096), 
(-104.92876290597593, 39.73358325342434), 
(-104.92876355097826, 39.73354681929192), 
(-104.92876405898011, 39.73351816618771), 
(-104.9288401442567, 39.73351897019063), 
(-104.92884139326128, 39.73344863893499), 
(-104.92894006361996, 39.73344968193874), 
(-104.92893957061818, 39.73347748903984), 
(-104.92897304773987, 39.73347784404115), 
(-104.92897335174098, 39.73346076097903), 
(-104.92898345477772, 39.73345361395303), 
(-104.92900814186748, 39.73345387595401), 
(-104.92901762390193, 39.73346116298052), 
(-104.92902774393872, 39.733461269980864), 
(-104.92902686993557, 39.733510523159964), 
(-104.92904197499047, 39.733510683160546), 
(-104.92904158798905, 39.73353255624005), 
(-104.92902780193896, 39.7335324092395), 
(-104.92902719493674, 39.73356657936375), 
(-104.92902320392221, 39.73356653736357), 
(-104.9290226809203, 39.73359588347029), 
(-104.9289334155958, 39.733594939466855), 
(-104.9289338775975, 39.733568820371886), 
(-104.9289388816157, 39.733568873372064), 
(-104.92893896661599, 39.73356400935438), 
(-104.92893396459777, 39.7335639563542)]
-----------------------
[0]

Building is 316380
[(-104.94088874805868, 39.731945762471355), (-104.94088856505806, 39.73187892422834), (-104.94089509308179, 39.73187891422833), (-104.94089505008162, 39.73186310117086), (-104.94088480104438, 39.73186311717092), (-104.94088462404369, 39.73179838093557), (-104.94089169206939, 39.73179836793548), (-104.9408916390692, 39.7317779588613), (-104.94088529304616, 39.731777969861355), (-104.94088505204525, 39.73168925553881), (-104.94088820505675, 39.73168925353883), (-104.94088813005646, 39.73166144443775), (-104.94089238207192, 39.73166143743771), (-104.94089222207134, 39.73160276522441), (-104.94088835905728, 39.73160277422443), (-104.94088826905698, 39.731569718104254), (-104.94089341507566, 39.731569709104235), (-104.94089326707513, 39.73151567490777), (-104.94088958706175, 39.73151568090782), (-104.94088950006142, 39.73148299278898), (-104.94089337007551, 39.73148298578894), (-104.94089320107491, 39.73142113456407), (-104.94088854705797, 39.73142114156411), (-104.94088843405757, 39.73138008841488), (-104.94088430004251, 39.73138009541492), (-104.94088421204219, 39.731348212299), (-104.94088911806006, 39.73134820429897), (-104.94088894005938, 39.73128280306122), (-104.94088893205935, 39.73128002805112), (-104.94088884405903, 39.73124813993519), (-104.94089218007116, 39.731248134935186), (-104.9408921080709, 39.731221298837625), (-104.94088817505661, 39.73122130383763), (-104.94088801905605, 39.73116440363077), (-104.94089464108015, 39.73116439163073), (-104.94089455207978, 39.73113084850877), (-104.94100406547796, 39.73113067050815), (-104.94100400247771, 39.73110777742488), (-104.94089305907437, 39.73110795942557), (-104.94089285307365, 39.7310323851508), (-104.9408966940876, 39.731032379150804), (-104.94089661408731, 39.73100241704185), (-104.94088811005639, 39.73100243204192), (-104.94088794805577, 39.73094315082642), (-104.94089614908563, 39.73094313682634), (-104.94089586108458, 39.73083765844291), (-104.94100248447216, 39.73083748244227), (-104.94100242447195, 39.730814152357425), (-104.94089277607333, 39.7308143303581), (-104.94089241707206, 39.730682905880315), (-104.94089548208319, 39.7306829018803), (-104.94089529808252, 39.73061555363546), (-104.94101639852278, 39.730615358634736), (-104.94101643152288, 39.73062740067854), (-104.94104337662083, 39.73062735667838), (-104.94104334462071, 39.73061615363764), (-104.94116339105716, 39.73061595763693), (-104.94116243805371, 39.73060517759774), (-104.94120762921796, 39.730602797589086), (-104.94120878422217, 39.73061588363663), (-104.94136201077924, 39.73061563463574), (-104.94136229578027, 39.73060617960135), (-104.94140628494017, 39.73060697260428), (-104.94140602693926, 39.73061556163549), (-104.94153113739407, 39.730615358634736), (-104.94153117039417, 39.73062735167832), (-104.94155537048215, 39.73062731167818), (-104.94155534248205, 39.73061635863837), (-104.9416801719359, 39.73061615463763), (-104.94168040593672, 39.730700999946066), (-104.94168974597068, 39.73070098394601), (-104.94168990897128, 39.73075960215914), (-104.94167952793356, 39.73075961915919), (-104.94167968393413, 39.730816225365004), (-104.94156667452324, 39.73081641036566), (-104.94156673752349, 39.73083905544797), (-104.94167594792054, 39.73083887644731), (-104.94167602892082, 39.730867723552194), (-104.94167941993317, 39.7308677175522), (-104.9416794939334, 39.73089506565162), (-104.94168533095461, 39.73089505565156), (-104.94168541695495, 39.730926042764224), (-104.94167719692507, 39.73092605576426), (-104.94167728292535, 39.730957424878284), (-104.94167609892105, 39.73095742687832), (-104.94167626592167, 39.73101843710009), (-104.9416778979276, 39.73101843410012), (-104.94167796792789, 39.731043797192285), (-104.94168303994633, 39.731043789192256), (-104.94168313194666, 39.73107742431455), (-104.9416778879276, 39.73107743331457), (-104.94167796692784, 39.73110613441895), (-104.94167685692383, 39.73110613441895), (-104.94167693292411, 39.731133722519246), (-104.9415695505337, 39.731133898519886), (-104.94156961753396, 39.731157901607105), (-104.94164258979924, 39.731157784606694), (-104.94164264279942, 39.73117745167821), (-104.94169706399731, 39.731177364677876), (-104.94169732399826, 39.73127254202387), (-104.94168017393588, 39.731272570023975), (-104.94168022493608, 39.73129134209222), (-104.94169637099475, 39.73129131709214), (-104.94169662899571, 39.73138536343407), (-104.94167981893457, 39.73138539243416), (-104.9416798679348, 39.73140448550356), (-104.94169594999323, 39.73140445650347), (-104.94169620999418, 39.73149867284599), (-104.94168010893566, 39.73149870084609), (-104.94168015093578, 39.73151433690293), (-104.94169879200359, 39.73151430390283), (-104.94169905700454, 39.731610177251355), (-104.9415651125176, 39.731610398252144), (-104.9415651635178, 39.73162865631855), (-104.941679662934, 39.731628469317855), (-104.94167991893494, 39.73172226865887), (-104.9416764659224, 39.73172227165884), (-104.94167652392264, 39.73174398173779), (-104.9416795679337, 39.73174397573774), (-104.94167996393514, 39.73188836326267), (-104.94167829792906, 39.731888367262684), (-104.94167844992961, 39.73194430846604), (-104.94155043646424, 39.7319445164668), (-104.94155041646417, 39.73193634743711), (-104.94152966038871, 39.73193637943723), (-104.94152967738876, 39.7319428074606), (-104.94103734759892, 39.731943608463496), (-104.94103731859883, 39.73193368342743), (-104.94101244050836, 39.731933723427574), (-104.94101247350852, 39.73194556147064), (-104.94088874805868, 39.731945762471355), (-104.94150216828876, 39.73175533477905), (-104.94150208828847, 39.73172605667264), (-104.94153811441942, 39.7317259986724), (-104.94153710041576, 39.73135665932972), (-104.94150107728478, 39.7313567173299), (-104.94150099828448, 39.73132871722811), (-104.94153702541547, 39.73132865722789), (-104.94153655741377, 39.73115821260825), (-104.94153090839325, 39.73115822060828), (-104.941530840393, 39.73113326451755), (-104.94141856498482, 39.73113344751823), (-104.9414184199843, 39.73108042732548), (-104.94141170895989, 39.73108043532551), (-104.94141161695956, 39.73104731920512), (-104.94141709897951, 39.7310473102051), (-104.94141701497921, 39.73101658309338), (-104.94142141799517, 39.73101657509335), (-104.94142116799429, 39.73092549176221), (-104.94141448297, 39.73092550176227), (-104.94141439796965, 39.73089441264921), (-104.94141875698551, 39.7308944076492), (-104.94141860798499, 39.730839991451376), (-104.94153123139444, 39.73083981145072), (-104.94153118939425, 39.73082422039403), (-104.94148935424215, 39.730824288394274), (-104.94148929724196, 39.73080434932183), (-104.94144779409106, 39.730804418322066), (-104.94144782109117, 39.7308146123591), (-104.94140709294311, 39.73081468135939), (-104.94140710994316, 39.73082103138245), (-104.94136383778584, 39.73082110238272), (-104.9413638197858, 39.730814856359984), (-104.9412986505489, 39.73081496536042), (-104.94129866354893, 39.730819355376354), (-104.94124069333816, 39.730819449376725), (-104.9412406773381, 39.730813418354785), (-104.94120632721325, 39.73081347435499), (-104.94120635021335, 39.73082134438357), (-104.9411606280471, 39.73082141838387), (-104.941160605047, 39.73081255835166), (-104.9411265099231, 39.73081261435186), (-104.94112648292298, 39.73080230031434), (-104.94104954264327, 39.730802426314824), (-104.9410495836434, 39.73081647836591), (-104.94104304361963, 39.73081648836592), (-104.94104310361985, 39.73083801244417), (-104.94115144401371, 39.73083783544354), (-104.94115150201395, 39.730860122524575), (-104.94116114904898, 39.730860108524496), (-104.94116127404948, 39.730904950687545), (-104.94115093601187, 39.73090496768759), (-104.9411509490119, 39.73090907370255), (-104.94115877604037, 39.730909062702494), (-104.94115890104081, 39.730954314867006), (-104.94115015000904, 39.73095432786704), (-104.94115024900935, 39.73099048599852), (-104.94115805603775, 39.73099047299843), (-104.94115818603825, 39.731036601166124), (-104.94115249401756, 39.7310366101662), (-104.94115251301758, 39.731042756188515), (-104.94115823903843, 39.731042747188496), (-104.94115835103884, 39.731083780337656), (-104.94115087601165, 39.73108379133771), (-104.94115094201192, 39.73110746942376), (-104.94103209857985, 39.73110766142446), (-104.94103269358203, 39.731325429216156), (-104.9410636856947, 39.731325378215956), (-104.94106376169498, 39.73135205831295), (-104.94103276558229, 39.73135210931315), (-104.94103393858654, 39.7317809598722), (-104.9410649316992, 39.73178090787201), (-104.94106499369946, 39.73180393695577), (-104.94106499569943, 39.731804807958895), (-104.94103400358676, 39.731804859959084), (-104.94103406958703, 39.731829121047326), (-104.9410820857616, 39.731829044047004), (-104.94108209376162, 39.73183127505513), (-104.94153840042048, 39.731830529052445), (-104.94153819341972, 39.73175527577882), (-104.94150216828876, 39.73175533477905)]
-----------------------
[0, 131]
Building is 316380
[(-104.94141319596531, 39.731301817130316), (-104.941413106965, 39.7312699280144), (-104.9410791227508, 39.731270474016355), (-104.94107880574967, 39.73115528659764), (-104.94126027640937, 39.731154992596544), (-104.94126027140936, 39.73115254958765), (-104.94131346760275, 39.73115246158733), (-104.94131347260276, 39.7311543995944), (-104.94134572372002, 39.7311543485942), (-104.94134572972001, 39.73115655760222), (-104.9414918872514, 39.73115631960138), (-104.94149220025253, 39.73127124101916), (-104.94144805809202, 39.73127131401941), (-104.94144814109234, 39.73130176013012), (-104.94141319596531, 39.731301817130316)]
-----------------------
[0]
Building is 316380
[(-104.94106499369946, 39.73180393695577), (-104.9410649316992, 39.73178090787201), (-104.94106376169498, 39.73135205831295), (-104.9410636856947, 39.731325378215956), (-104.94106359969436, 39.73129415810246), (-104.94110850185763, 39.731294085102206), (-104.94110852385768, 39.731302315132154), (-104.94141319596531, 39.731301817130316), (-104.94144814109234, 39.73130176013012), (-104.94146450715186, 39.731301735130046), (-104.94146448715179, 39.73129414110241), (-104.94150090428417, 39.73129408110219), (-104.94150099828448, 39.73132871722811), (-104.94150107728478, 39.7313567173299), (-104.94150208828847, 39.73172605667264), (-104.94150216828876, 39.73175533477905), (-104.94150230728928, 39.73180657896535), (-104.9414262830129, 39.73180670396579), (-104.94142627401283, 39.73180334795359), (-104.94106499369946, 39.73180393695577)]
-----------------------
[0]


Building is 239426
[(-104.94099440444279, 39.692664106665234), (-104.94099468444381, 39.692498447062974), (-104.9409948384444, 39.69240680172982), (-104.94099511244536, 39.692244793140844), (-104.94143935006036, 39.69224524214246), (-104.94143934406037, 39.69224698914883), (-104.94143912805959, 39.692377614623695), (-104.94143909505948, 39.69239591469022), (-104.94143882005847, 39.69255890328276), (-104.94143864405783, 39.69266455466686), (-104.94099440444279, 39.692664106665234), (-104.94132810965596, 39.69255009625073), (-104.94132709765228, 39.69239354368159), (-104.941207088216, 39.69239400668329), (-104.94120685421518, 39.6923577875516), (-104.94111916889636, 39.69235812655285), (-104.94111954789776, 39.69241657376534), (-104.9410992258239, 39.69241665076561), (-104.94109970882562, 39.69249146603761), (-104.94111866189456, 39.69249139103732), (-104.94111904589596, 39.692550905253654), (-104.94132788565514, 39.69255009825076), (-104.94132810965596, 39.69255009625073)]
-----------------------
[0, 11]
Building is 239426
[(-104.94111904589596, 39.692550905253654), (-104.94111866189456, 39.69249139103732), (-104.94109970882562, 39.69249146603761), (-104.9410992258239, 39.69241665076561), (-104.94111954789776, 39.69241657376534), (-104.94111916889636, 39.69235812655285), (-104.94120685421518, 39.6923577875516), (-104.941207088216, 39.69239400668329), (-104.94132709765228, 39.69239354368159), (-104.94132810965596, 39.69255009625073), (-104.94132788565514, 39.69255009825076), (-104.94111904589596, 39.692550905253654)]
-----------------------
[0]
Building is 239426
[(-104.94096380833156, 39.6924069667304), (-104.9409948384444, 39.69240680172982), (-104.94099468444381, 39.692498447062974), (-104.94096563833824, 39.692498600063516), (-104.94090901913239, 39.692498901064596), (-104.94090820312942, 39.69240726073144), (-104.94096380833156, 39.6924069667304)]
-----------------------
[0]



Building is 255906
[(-104.87382999027056, 39.70010352771078), (-104.87382712426012, 39.7000312764481), (-104.8737887761207, 39.70003218545145), (-104.87378859312008, 39.70002757643465), (-104.87373632293003, 39.70002881443918), (-104.87373209891467, 39.699922408052316), (-104.87388344846488, 39.6999188230393), (-104.87388371946588, 39.699925706064334), (-104.87390061752734, 39.69992530606288), (-104.87389998652503, 39.69991048900903), (-104.8739315826399, 39.69990968300607), (-104.87393221864221, 39.69992455706017), (-104.87396895377577, 39.69992368705698), (-104.87397438579552, 39.69998727328817), (-104.874045773055, 39.69998461027848), (-104.87404708605982, 39.700017633398545), (-104.87404754506144, 39.7000291734405), (-104.87397894681209, 39.7000307974464), (-104.87398169082206, 39.70009993369774), (-104.87397848581043, 39.70010000969802), (-104.87382999027056, 39.70010352771078), (-104.87387592743755, 39.70002742243412), (-104.87387453043249, 39.700003432346875), (-104.87383793629942, 39.70000470235152), (-104.87383933430453, 39.70002869443874), (-104.87387592743755, 39.70002742243412)]
-----------------------
[0, 21]


Building is 123053
[(-105.04968530858218, 39.623287195449564), (-105.04962967037989, 39.623275169405815), (-105.04961634233143, 39.62327978842262), (-105.04961024330925, 39.62327097139058), (-105.0495565801142, 39.623259377348404), (-105.04955978112582, 39.62325051031621), (-105.04942004861783, 39.623220315206424), (-105.049418726613, 39.6232200302054), (-105.04944619071284, 39.62314402592909), (-105.04942582063882, 39.623115853826675), (-105.0493860354942, 39.62310725679538), (-105.04938672249665, 39.62310535578848), (-105.04940195855204, 39.62306318863517), (-105.04947667382368, 39.62307933769392), (-105.04950489392627, 39.62306446363982), (-105.04949311488343, 39.623047793579246), (-105.04950967894365, 39.623037285541045), (-105.04954106505778, 39.62304406756567), (-105.04955720411647, 39.622999399403284), (-105.04960242328082, 39.62300916943883), (-105.04961961934333, 39.62296158026578), (-105.04970606665762, 39.62298026033369), (-105.04968989259885, 39.62302502449643), (-105.04969586962056, 39.623026315501136), (-105.04970932266946, 39.62302091248148), (-105.04971827170198, 39.62303115751877), (-105.04973779977297, 39.62303537653406), (-105.04973391375887, 39.62304612657317), (-105.04980578202014, 39.62306166062962), (-105.0497718488968, 39.62315556597105), (-105.04970202964296, 39.623140478916184), (-105.04968794259173, 39.6231794690579), (-105.04972160571413, 39.623186744084364), (-105.04968530858218, 39.623287195449564), (-105.04962382135864, 39.623166099009325), (-105.04963672340551, 39.623125153860485), (-105.04955192109725, 39.623109172802344), (-105.04953738404441, 39.62315530197009), (-105.0495916012415, 39.623165520007205), (-105.04959323324744, 39.623160331988345), (-105.04962382135864, 39.623166099009325)]
-----------------------
[0, 34]


Building is 158249
[(-105.09639353638715, 39.65241124332829), (-105.0963947603916, 39.65239697227645), (-105.096353613242, 39.65239486126876), (-105.09625753289271, 39.652389924250826), (-105.09626317891326, 39.652324160011744), (-105.09617411158945, 39.65231953699492), (-105.09618101761458, 39.65223999770575), (-105.09628279298454, 39.652245277724944), (-105.09627945997244, 39.65228367286454), (-105.09628432199014, 39.65228392586545), (-105.09631066808589, 39.65228529387042), (-105.09631149508891, 39.6522757638358), (-105.09631220809149, 39.65226756680596), (-105.09637413731662, 39.652270779817684), (-105.09637737532842, 39.65223347968208), (-105.09649654876165, 39.65223966170453), (-105.09649326974971, 39.65227741984182), (-105.09650289078473, 39.652277917843605), (-105.09650190378113, 39.65228927888489), (-105.09649223374595, 39.6524019642946), (-105.09645673661691, 39.652400149287985), (-105.09644244456496, 39.652399417285324), (-105.09644122056051, 39.65241368833722), (-105.09639353638715, 39.65241124332829), (-105.09641036544832, 39.65228524087024), (-105.09637572032238, 39.652283764864876), (-105.09637321831332, 39.652308448954614), (-105.09640816644037, 39.652309692959136), (-105.09641036544832, 39.65228524087024)]
-----------------------
[0, 24]




[np.array([ 9.18088338, 12.79446766]), np.array([ 9.1882784 , 13.33413042]), np.array([12.66521605, 13.28597795]), np.array([1.20470938, 9.29431529]), np.array([ 9.22754855, 16.23204401]), np.array([ 9.1882784 , 13.33413042]), np.array([ 8.76293686, 13.34001079]), np.array([ 8.75571183, 12.80034803])]


[np.array([22.57616707, 37.09759876]), np.array([22.38865639, 23.10508864]), np.array([24.44532387, 24.43582778]), np.array([27.99859178, 18.84570266]), np.array([25.94260431, 17.51474162]), np.array([25.78858375,  6.02183314]), np.array([18.06146066,  6.12701412]), np.array([18.07064069,  6.81867894]), np.array([15.0747198 ,  6.85928678]), np.array([14.98291947,  0.        ]), np.array([3.49844272, 0.15632912]), np.array([3.50991776, 1.01441953]), np.array([ 3.70354846, 15.47225565]), np.array([ 7.36782679, 15.42221701]), np.array([ 7.40454692, 18.16335768]), np.array([ 0.        , 18.26454444]), np.array([ 0.20731575, 33.74367902]), np.array([ 2.59097942, 33.7110596 ]), np.array([ 8.10231445, 33.63605713]), np.array([ 8.08471939, 32.31951964]), np.array([11.03525012, 32.27924465]), np.array([11.10189036, 37.25392788]), np.array([22.57616707, 37.09759876]), np.array([ 8.94526252, 16.46925597]), np.array([15.72182715, 16.41056321]), np.array([15.79161241, 24.5787319 ]), np.array([ 9.01487777, 24.63775752])]



[array([15.79161241, 24.5787319 ]), array([15.72182715, 16.41056321]), array([ 8.94526252, 16.46925597]), array([ 9.01487777, 24.63775752])]



list([np.array([-104.97853712,   39.6506231 ]), np.array([-104.97853933,   39.65049699]), np.array([-104.97851513,   39.65050898]), np.array([-104.97847333,   39.6504586 ]), np.array([-104.97849752,   39.6504466 ]), np.array([-104.97849933,   39.65034302]), np.array([-104.97859024,   39.65034396]), np.array([-104.97859013,   39.6503502 ]), np.array([-104.97862538,   39.65035056]), np.array([-104.97862646,   39.65028874]), np.array([-104.97876157,   39.65029015]), np.array([-104.97876143,   39.65029788]), np.array([-104.97875915,   39.65042819]), np.array([-104.97871605,   39.65042774]), np.array([-104.97871561,   39.65045245]), np.array([-104.97880273,   39.65045336]), np.array([-104.97880029,   39.65059287]), np.array([-104.97877224,   39.65059258]), np.array([-104.9787074,   39.6505919]), np.array([-104.97870761,   39.65058004]), np.array([-104.9786729 ,   39.65057968]), np.array([-104.97867212,   39.65062451]), np.array([-104.97853712,   39.6506231 ]), np.array([-104.97869749,   39.65043718]), np.array([-104.97861776,   39.65043665]), np.array([-104.97861694,   39.65051027]), np.array([-104.97869667,   39.6505108 ]), np.array([-104.97869749,   39.65043718])])

[np.array([22.57616707, 37.09759876]), np.array([22.38865639, 23.10508864]), np.array([24.44532387, 24.43582778]), np.array([27.99859178, 18.84570266]), np.array([25.94260431, 17.51474162]), np.array([25.78858375,  6.02183314]), np.array([18.06146066,  6.12701412]), np.array([18.07064069,  6.81867894]), np.array([15.0747198 ,  6.85928678]), np.array([14.98291947,  0.        ]), np.array([3.49844272, 0.15632912]), np.array([3.50991776, 1.01441953]), np.array([ 3.70354846, 15.47225565]), np.array([ 7.36782679, 15.42221701]), np.array([ 7.40454692, 18.16335768]), np.array([ 0.        , 18.26454444]), np.array([ 0.20731575, 33.74367902]), np.array([ 2.59097942, 33.7110596 ]), np.array([ 8.10231445, 33.63605713]), np.array([ 8.08471939, 32.31951964]), np.array([11.03525012, 32.27924465]), np.array([11.10189036, 37.25392788]), np.array([22.57616707, 37.09759876]), np.array([ 8.94526252, 16.46925597]), np.array([15.72182715, 16.41056321]), np.array([15.79161241, 24.5787319 ]), np.array([ 9.01487777, 24.63775752])]


284485
[np.array([8.592766239701177, 43.83339775372406], dtype=object), np.array([10.365447685387608, 43.79989073506465], dtype=object), np.array([10.397237798542847, 45.50985835155075], dtype=object), np.array([12.892081869608774, 45.46270443170215], dtype=object), np.array([12.860376755554626, 43.75284776404271], dtype=object), np.array([16.8036260922122, 43.678400041815735], dtype=object), np.array([16.835076204131383, 45.37549741151281], dtype=object), np.array([19.33009027339949, 45.32845444049087], dtype=object), np.array([19.298555162379216, 43.63124612196714], dtype=object), np.array([23.29790469815407, 43.55591079651333], dtype=object), np.array([23.330204815579236, 45.29849783473878], dtype=object), np.array([25.825303888780127, 45.251565812543504], dtype=object), np.array([25.79291877225387, 43.50886782549139], dtype=object), np.array([29.85882355119429, 43.43220109519734], dtype=object), np.array([29.919683772448025, 46.70878840703665], dtype=object), np.array([35.03865738338163, 46.61226155927238], dtype=object), np.array([34.9777971621279, 43.335674247433076], dtype=object), np.array([38.05948336662368, 43.27731433211568], dtype=object), np.array([37.894327765002345, 34.39029797862361], dtype=object), np.array([37.84052257060466, 31.481067447558075], dtype=object), np.array([34.91863694705444, 31.535987898794815], dtype=object), np.array([34.849191695798254, 27.798068812964516], dtype=object), np.array([37.91642784534588, 27.740152699260534], dtype=object), np.array([37.86602266330874, 25.02808103968448], dtype=object), np.array([34.798786508929425, 25.085886198255025], dtype=object), np.array([34.74770132442018, 22.329767230124276], dtype=object), np.array([37.854717618586164, 22.27129636598022], dtype=object), np.array([37.8044824395829, 19.559002808750847], dtype=object), np.array([34.69729614238304, 19.61769557054822], dtype=object), np.array([34.64451095169352, 16.770153470054083], dtype=object), np.array([37.83865256139052, 16.70990739945637], dtype=object), np.array([37.78824737935338, 13.997613842226997], dtype=object), np.array([34.59410576482469, 14.05797086165137], dtype=object), np.array([34.52134550030905, 10.136096003907369], dtype=object), np.array([37.965133021202746, 10.070968115562096], dtype=object), np.array([37.819102492733236, 2.201366957669393], dtype=object), np.array([37.53681646287532, 2.2065816218969303], dtype=object), np.array([35.209678005116984, 2.2505179816249665], dtype=object), np.array([35.1805228979174, 0.6775741148572934], dtype=object), np.array([35.167857853082296, 0.0], dtype=object), np.array([0.0, 0.6634834120546884], dtype=object), np.array([0.8585031210373018, 46.92758260245], dtype=object), np.array([8.647506438705932, 46.7806842684098], dtype=object), np.array([8.592766239701177, 43.83339775372406], dtype=object), np.array([16.36808450882654, 33.143659246542256], dtype=object), np.array([16.368254507028723, 29.751683515215177], dtype=object), np.array([25.120651324641585, 29.75212731682859], dtype=object), np.array([25.120566325540494, 33.143881144195575], dtype=object), np.array([16.36808450882654, 33.143659246542256], dtype=object), np.array([16.007003196136793, 16.38981548735785], dtype=object), np.array([16.007088195237884, 12.987077568482164], dtype=object), np.array([24.948865701333034, 12.987299466135482], dtype=object), np.array([24.94861069919807, 16.390259288971265], dtype=object), np.array([16.007003196136793, 16.38981548735785], dtype=object)]

231654
[np.array([176.66192224,  50.434392  ]), np.array([120.21797705,  93.21697848]), np.array([99.52592682, 65.45274955]), np.array([155.80590642,  22.79420562]), np.array([138.81774466,   0.        ]), np.array([60.80276104, 59.13245982]), np.array([54.55991335, 63.86405072]), np.array([43.18457699, 72.48578467]), np.array([37.41586102, 76.85867291]), np.array([28.03871194, 83.9658229 ]), np.array([20.67709017, 89.54540774]), np.array([  4.40811603, 101.87632462]), np.array([  2.12466772, 103.60715091]), np.array([  0.        , 105.21748506]), np.array([  2.11361769, 108.05337737]), np.array([ 16.07865845, 126.79212384]), np.array([ 32.67607379, 149.06264356]), np.array([ 34.48904538, 151.49523115]), np.array([ 36.3351671 , 153.97242081]), np.array([ 54.66590874, 178.56857192]), np.array([ 67.74507629, 168.65526434]), np.array([ 70.58570161, 166.50249366]), np.array([ 74.20093475, 163.76235155]), np.array([ 76.40023275, 162.09554364]), np.array([ 90.95220065, 151.06574214]), np.array([ 92.07360973, 150.21564015]), np.array([ 93.14495362, 149.403927  ]), np.array([ 99.15507047, 144.84841439]), np.array([100.20329429, 144.0537876 ]), np.array([101.29894827, 143.22321288]), np.array([105.78840959, 139.82058591]), np.array([108.75322036, 137.57339644]), np.array([113.2738768 , 134.14680418]), np.array([114.04771961, 133.56032035]), np.array([115.18621375, 132.69734811]), np.array([104.9925517 , 119.01993714]), np.array([123.03633229, 105.34363567]), np.array([133.14618405, 118.90876483]), np.array([140.14077447, 113.60733266]), np.array([145.21622793, 109.76034932]), np.array([193.56457369,  73.113653  ]), np.array([176.66192224,  50.434392  ]), np.array([173.17104455,  83.75756899]), np.array([161.3017714 ,  92.85982913]), np.array([148.72308567,  76.17743744]), np.array([160.59218882,  67.07551015]), np.array([173.17104455,  83.75756899]), np.array([ 62.83537343, 126.82274615]), np.array([ 45.35310488, 140.27304165]), np.array([ 34.17998426, 125.50421156]), np.array([ 51.66191281, 112.05358322]), np.array([ 62.83537343, 126.82274615]), np.array([63.02296912, 62.59888327]), np.array([80.96755435, 49.00890122]), np.array([93.29752918, 65.56669562]), np.array([75.35311394, 79.15678862]), np.array([63.02296912, 62.59888327]), np.array([105.12838219,  30.42759337]), np.array([123.15456772,  16.95433113]), np.array([135.53783774,  33.80436889]), np.array([117.51165221,  47.27752017]), np.array([105.12838219,  30.42759337])]


319202
[np.array([270.29562764, 201.60120996]), np.array([270.38453796, 210.31037282]), np.array([260.11573563, 210.41666331]), np.array([260.27825622, 226.36389764]), np.array([239.28870492, 226.58113852]), np.array([241.9523596, 233.4095811]), np.array([242.32576596, 233.58277468]), np.array([242.70401733, 233.75030979]), np.array([243.08694373, 233.91229737]), np.array([243.47395013, 234.06829364]), np.array([243.86537656, 234.21807669]), np.array([244.26122299, 234.36186841]), np.array([244.66072445, 234.49944691]), np.array([245.06439092, 234.63025744]), np.array([245.4719674 , 234.75441094]), np.array([245.88285889, 234.87190742]), np.array([246.2971504 , 234.98241402]), np.array([246.71492692, 235.08615264]), np.array([247.13559344, 235.1826795 ]), np.array([247.55931999, 235.27199457]), np.array([247.98576654, 235.35387597]), np.array([248.41459309, 235.42821274]), np.array([248.84613966, 235.49489393]), np.array([249.27955624, 235.5540305 ]), np.array([249.71509782, 235.60573338]), np.array([250.15250941, 235.64922594]), np.array([250.59119601, 235.68495197]), np.array([251.03158261, 235.71280052]), np.array([251.47307422, 235.73254969]), np.array([251.91541582, 235.74442139]), np.array([252.35826743, 235.7479718 ]), np.array([252.80205404, 235.74353379]), np.array([253.24575566, 235.73088544]), np.array([253.68979727, 235.71024867]), np.array([254.13341388, 235.68140156]), np.array([254.5770305 , 235.64412222]), np.array([255.01962711, 235.59907636]), np.array([255.46188371, 235.54570922]), np.array([255.90269532, 235.48413174]), np.array([256.34231692, 235.41456584]), np.array([256.78057851, 235.3367896 ]), np.array([257.2171401 , 235.25124684]), np.array([257.65157668, 235.1576047 ]), np.array([258.08422825, 235.05630698]), np.array([258.51432981, 234.94713179]), np.array([258.94196637, 234.83007911]), np.array([259.36696791, 234.70559276]), np.array([259.78865444, 234.57333988]), np.array([260.20770597, 234.43376427]), np.array([260.62310248, 234.28686594]), np.array([261.03518397, 234.13275583]), np.array([261.44335546, 233.97143394]), np.array([261.84778693, 233.80345503]), np.array([262.24813839, 233.62826434]), np.array([262.64415483, 233.44641664]), np.array([263.03609125, 233.2583557 ]), np.array([263.42352266, 233.06341584]), np.array([263.80636405, 232.86248466]), np.array([264.18376542, 232.65534026]), np.array([264.55674678, 232.44231548]), np.array([264.92454312, 232.22341034]), np.array([265.28732444, 231.99895767]), np.array([265.64483573, 231.76917938]), np.array([265.99673701, 231.53396453]), np.array([266.34319827, 231.29353501]), np.array([266.68404951, 231.04855652]), np.array([267.01929073, 230.79847431]), np.array([267.34875193, 230.54384313]), np.array([267.6722631 , 230.28488489]), np.array([267.98990926, 230.02193243]), np.array([268.3033054 , 229.75343246]), np.array([268.61330153, 229.47827545]), np.array([268.92023764, 229.19646143]), np.array([269.22377374, 228.90832323]), np.array([269.52348484, 228.61374991]), np.array([269.81945591, 228.31240862]), np.array([270.11143197, 228.0048541 ]), np.array([270.39932802, 227.69119731]), np.array([270.68254905, 227.37110539]), np.array([270.96160506, 227.04491121]), np.array([271.23564606, 226.7129476 ]), np.array([271.50458704, 226.37477077]), np.array([271.768768  , 226.03071357]), np.array([272.02759394, 225.6809979 ]), np.array([272.28089486, 225.32573471]), np.array([272.52841576, 224.964924  ]), np.array([272.77041164, 224.59900957]), np.array([273.0062025 , 224.22732572]), np.array([273.23570333, 223.85098195]), np.array([273.45925414, 223.46964541]), np.array([273.67634493, 223.08353801]), np.array([273.8868057 , 222.69277069]), np.array([274.09055144, 222.2976763 ]), np.array([274.28741215, 221.8983658 ]), np.array([274.47747284, 221.49495013]), np.array([274.66013851, 221.08754025]), np.array([274.83574915, 220.67657996]), np.array([275.00413476, 220.2619583 ]), np.array([275.16504035, 219.84411908]), np.array([275.3182959 , 219.42317325]), np.array([275.46415643, 218.99945366]), np.array([275.60228194, 218.57307126]), np.array([275.73267241, 218.1439151 ]), np.array([275.85524286, 217.71276184]), np.array([275.96999327, 217.27950051]), np.array([276.07658366, 216.84457493]), np.array([276.17560902, 216.40798509]), np.array([276.26647435, 215.9699529 ]), np.array([276.34943465, 215.5305893 ]), np.array([276.42414992, 215.09044905]), np.array([276.49113017, 214.6496431 ]), np.array([276.54978038, 214.20817144]), np.array([276.60069556, 213.76658884]), np.array([276.64336572, 213.32511718]), np.array([276.67830084, 212.88375648]), np.array([276.70524595, 212.44239577]), np.array([276.72411601, 212.00192268]), np.array([276.73525105, 211.56211528]), np.array([276.73856607, 211.12352833]), np.array([276.73397605, 210.68593994]), np.array([276.72199101, 210.24990485]), np.array([276.70218593, 209.81564497]), np.array([276.67498584, 209.3829384 ]), np.array([276.64030571, 208.95256179]), np.array([276.59840055, 208.52407133]), np.array([276.54901538, 208.09791083]), np.array([276.49274517, 207.67452409]), np.array([276.42941994, 207.25368921]), np.array([276.35895468, 206.83596094]), np.array([276.2818594 , 206.42111739]), np.array([276.1981341 , 206.00915853]), np.array([276.10769377, 205.600972  ]), np.array([276.01104842, 205.19600303]), np.array([275.90794305, 204.79491732]), np.array([275.06286997, 204.80357145]), np.array([275.02971985, 201.55216989])]


[array([ 18.17604107, 168.23309805]), array([ 18.1826711 , 163.50317141]), array([ 18.154026, 163.488415]), array([ 18.1825861 , 163.48852595]), array([ 18.1826711 , 163.50317141]), array([ 43.06685156, 176.27145477]), array([ 41.49579086, 179.64401419]), array([ 44.30836608, 180.99805291]), array([ 40.64204775, 188.46512601]), array([ 37.80694744, 186.71799   ]), array([ 40.55109742, 181.79589726]), array([ 25.05239608, 173.97100911]), array([ 21.13906685, 182.45316745]), array([ 18.02499553, 181.02701096]), array([ 14.1390364 , 188.72785656]), array([ 17.18170746, 190.45779525]), array([ 16.60132535, 191.43804206]), array([ 16.12370861, 192.2444296 ]), array([ 12.23570948, 198.81136207]), array([ 20.11379312, 202.57202599]), array([ 18.07795072, 206.44563742]), array([ 16.92245652, 208.64378682]), array([ 16.18380383, 210.04875177]), array([ 14.84096895, 212.60382861]), array([ 20.18026336, 215.65984652]), array([ 21.68119882, 213.12651596]), array([ 33.40129642, 219.15256522]), array([ 37.40812599, 210.70469055]), array([ 40.81723339, 213.35041387]), array([ 48.67236694, 217.47244326]), array([ 52.32916524, 210.51951433]), array([ 51.78898828, 210.28285712]), array([ 52.19707476, 209.47846669]), array([ 52.52203094, 208.83695147]), array([ 55.65412233, 210.41477715]), array([ 55.65463233, 210.04786417]), array([ 59.65338686, 202.70838404]), array([ 56.53013551, 200.71527099]), array([ 57.40070868, 199.35834756]), array([ 57.89175546, 199.58479733]), array([ 61.4791935 , 192.57273184]), array([ 46.21041799, 184.63456333]), array([ 47.22676669, 182.45605216]), array([ 49.7601159 , 183.77724956]), array([ 51.6863079 , 180.15194513]), array([ 48.99630312, 178.96954668]), array([ 50.80451469, 175.24582924]), array([ 45.0015436 , 172.37687372]), array([ 44.6992825 , 172.37631897]), array([ 44.6985175 , 172.95126395]), array([ 18.1822461 , 159.15624555]), array([ 18.19253114, 151.66465242]), array([ 18.19355114, 151.05342665]), array([ 18.19457114, 150.39138559]), array([ 18.20375118, 143.90356075]), array([ 18.20477118, 143.09684037]), array([ 18.20587618, 142.38231977]), array([ 18.24132131, 116.98177823]), array([ 29.97493397, 116.99853174]), array([ 29.97901399, 114.10361382]), array([ 29.98037399, 113.11415812]), array([ 29.98147899, 112.36013918]), array([30.04488923, 67.07251449]), array([42.99137129, 67.09104321]), array([42.98474127, 71.88032832]), array([53.35273896, 71.89497377]), array([53.35945399, 67.08771469]), array([71.1608137 , 67.11290044]), array([71.15664868, 70.11055843]), array([ 71.10207849, 109.07168018]), array([ 71.10122848, 109.72284809]), array([ 71.10037848, 110.26672697]), array([ 75.82291065, 110.27327304]), array([ 75.83098568, 104.56432004]), array([ 78.35991487, 104.56787045]), array([ 78.35812987, 105.91969017]), array([ 80.24556173, 105.92224202]), array([ 80.24377672, 107.19306795]), array([ 84.95831886, 107.19994687]), array([ 84.96001886, 105.99635689]), array([ 86.83589068, 105.99935255]), array([ 86.83895069, 103.66196041]), array([ 93.56919016, 103.67150214]), array([ 93.57352518, 100.64255613]), array([ 93.89083133, 100.64299993]), array([93.89363634, 98.64977594]), array([95.24233625, 98.65177304]), array([95.24871127, 93.98497718]), array([94.02054181, 93.98320197]), array([94.02589682, 90.26869342]), array([95.29520644, 90.27057957]), array([95.30192146, 85.36668269]), array([93.92678646, 85.36457464]), array([93.93180148, 81.6397477 ]), array([95.21199114, 81.64163385]), array([95.21836616, 76.90627064]), array([93.91709643, 76.90438448]), array([93.91973144, 75.11453258]), array([93.51750997, 75.11408878]), array([93.51878498, 74.33166653]), array([93.52218499, 71.85037171]), array([86.67694011, 71.84060808]), array([86.68025512, 69.62992128]), array([85.01832908, 69.62759133]), array([85.02028408, 68.28753236]), array([80.19762155, 68.28076438]), array([80.19592155, 69.65244422]), array([78.40785504, 69.64989236]), array([78.40454003, 72.02267769]), array([75.91760099, 72.01912727]), array([75.92627102, 65.75298134]), array([75.92737603, 64.90476551]), array([75.92924603, 63.57890819]), array([74.72972167, 63.57713298]), array([60.50806497, 63.55682906]), array([55.24714085, 63.54928443]), array([40.160946  , 63.52776005]), array([40.16596102, 59.91998578]), array([37.07101477, 59.91532587]), array([37.07109977, 59.93108082]), array([37.06803976, 62.18980914]), array([25.22732671, 62.17305563]), array([25.21517167, 70.74519474]), array([22.82674798, 70.74197718]), array([22.82836299, 69.64478864]), array([20.84734579, 69.64190393]), array([20.84913079, 68.37030136]), array([16.21950396, 68.36375528]), array([16.21780396, 69.62470662]), array([ 8.01824915, 69.61316778]), array([ 8.01017412, 75.32245363]), array([ 4.90664284, 75.31823752]), array([ 4.89771781, 81.67447517]), array([ 7.2341213 , 81.67791464]), array([ 7.22876628, 85.5185738 ]), array([ 5.90794648, 85.51646574]), array([ 5.90131645, 90.27756945]), array([ 7.3169116 , 90.27967751]), array([ 7.31155658, 94.09370858]), array([ 5.95843666, 94.09204432]), array([ 5.95206164, 98.73043688]), array([ 7.17708609, 98.73243399]), array([  7.17436608, 100.75517079]), array([  7.54258742, 100.75550364]), array([  7.5382524 , 103.69868499]), array([ 14.31260703, 103.70844863]), array([ 14.30920702, 106.18275357]), array([ 22.8601531 , 106.19495812]), array([ 22.86372312, 103.67050359]), array([ 25.31759704, 103.674054  ]), array([ 25.31088201, 108.47055089]), array([ 13.28393329, 108.45346453]), array([ 13.25112317, 131.81484861]), array([  7.40352692, 131.80630543]), array([  7.40896693, 127.94800515]), array([  2.37482363, 127.94079337]), array([  2.35671857, 140.86274305]), array([1.87000680e-02, 1.40859415e+02]), array([  0.        , 154.15615468]), array([  2.29279833, 154.15937224]), array([  2.27418326, 167.41639214]), array([  4.71037712, 167.43048283]), array([  4.58738168, 142.51923257]), array([ 14.43016246, 142.46974869]), array([ 14.5517129 , 167.17751591]), array([ 14.55698292, 168.21567884]), array([ 15.78158237, 168.22167016]), array([ 16.68284065, 168.22610818]), array([ 18.17604107, 168.23309805]), array([74.97222755, 91.59854495]), array([74.98098259, 83.97148138]), array([84.13602587, 83.98224356]), array([84.12718584, 91.60897429]), array([74.97222755, 91.59854495])]

202061
[ 18.17604107 168.23309805]
[ 18.1826711  163.50317141]
[ 18.154026 163.488415]         remove
[ 18.1825861  163.48852595]     remove
[ 18.1826711  163.50317141]     remvoe
[ 43.06685156 176.27145477]
[ 41.49579086 179.64401419]
[ 44.30836608 180.99805291]
[ 40.64204775 188.46512601]
[ 37.80694744 186.71799   ]
[ 40.55109742 181.79589726]
[ 25.05239608 173.97100911]
[ 21.13906685 182.45316745]
[ 18.02499553 181.02701096]
[ 14.1390364  188.72785656]
[ 17.18170746 190.45779525]
[ 16.60132535 191.43804206]
[ 16.12370861 192.2444296 ]
[ 12.23570948 198.81136207]
[ 20.11379312 202.57202599]
[ 18.07795072 206.44563742]
[ 16.92245652 208.64378682]
[ 16.18380383 210.04875177]
[ 14.84096895 212.60382861]
[ 20.18026336 215.65984652]
[ 21.68119882 213.12651596]
[ 33.40129642 219.15256522]
[ 37.40812599 210.70469055]
[ 40.81723339 213.35041387]
[ 48.67236694 217.47244326]
[ 52.32916524 210.51951433]
[ 51.78898828 210.28285712]
[ 52.19707476 209.47846669]
[ 52.52203094 208.83695147]
[ 55.65412233 210.41477715]
[ 55.65463233 210.04786417]
[ 59.65338686 202.70838404]
[ 56.53013551 200.71527099]
[ 57.40070868 199.35834756]
[ 57.89175546 199.58479733]
[ 61.4791935  192.57273184]
[ 46.21041799 184.63456333]
[ 47.22676669 182.45605216]
[ 49.7601159  183.77724956]
[ 51.6863079  180.15194513]
[ 48.99630312 178.96954668]
[ 50.80451469 175.24582924]
[ 45.0015436  172.37687372]
[ 44.6992825  172.37631897]
[ 44.6985175  172.95126395]
[ 18.1822461  159.15624555]
[ 18.19253114 151.66465242]
[ 18.19355114 151.05342665]
[ 18.19457114 150.39138559]
[ 18.20375118 143.90356075]
[ 18.20477118 143.09684037]
[ 18.20587618 142.38231977]
[ 18.24132131 116.98177823]
[ 29.97493397 116.99853174]
[ 29.97901399 114.10361382]
[ 29.98037399 113.11415812]
[ 29.98147899 112.36013918]
[30.04488923 67.07251449]
[42.99137129 67.09104321]
[42.98474127 71.88032832]
[53.35273896 71.89497377]
[53.35945399 67.08771469]
[71.1608137  67.11290044]
[71.15664868 70.11055843]
[ 71.10207849 109.07168018]
[ 71.10122848 109.72284809]
[ 71.10037848 110.26672697]
[ 75.82291065 110.27327304]
[ 75.83098568 104.56432004]
[ 78.35991487 104.56787045]
[ 78.35812987 105.91969017]
[ 80.24556173 105.92224202]
[ 80.24377672 107.19306795]
[ 84.95831886 107.19994687]
[ 84.96001886 105.99635689]
[ 86.83589068 105.99935255]
[ 86.83895069 103.66196041]
[ 93.56919016 103.67150214]
[ 93.57352518 100.64255613]
[ 93.89083133 100.64299993]
[93.89363634 98.64977594]
[95.24233625 98.65177304]
[95.24871127 93.98497718]
[94.02054181 93.98320197]
[94.02589682 90.26869342]
[95.29520644 90.27057957]
[95.30192146 85.36668269]
[93.92678646 85.36457464]
[93.93180148 81.6397477 ]
[95.21199114 81.64163385]
[95.21836616 76.90627064]
[93.91709643 76.90438448]
[93.91973144 75.11453258]
[93.51750997 75.11408878]
[93.51878498 74.33166653]
[93.52218499 71.85037171]
[86.67694011 71.84060808]
[86.68025512 69.62992128]
[85.01832908 69.62759133]
[85.02028408 68.28753236]
[80.19762155 68.28076438]
[80.19592155 69.65244422]
[78.40785504 69.64989236]
[78.40454003 72.02267769]
[75.91760099 72.01912727]
[75.92627102 65.75298134]
[75.92737603 64.90476551]
[75.92924603 63.57890819]
[74.72972167 63.57713298]
[60.50806497 63.55682906]
[55.24714085 63.54928443]
[40.160946   63.52776005]
[40.16596102 59.91998578]
[37.07101477 59.91532587]
[37.07109977 59.93108082]
[37.06803976 62.18980914]
[25.22732671 62.17305563]
[25.21517167 70.74519474]
[22.82674798 70.74197718]
[22.82836299 69.64478864]
[20.84734579 69.64190393]
[20.84913079 68.37030136]
[16.21950396 68.36375528]
[16.21780396 69.62470662]
[ 8.01824915 69.61316778]
[ 8.01017412 75.32245363]
[ 4.90664284 75.31823752]
[ 4.89771781 81.67447517]
[ 7.2341213  81.67791464]
[ 7.22876628 85.5185738 ]
[ 5.90794648 85.51646574]
[ 5.90131645 90.27756945]
[ 7.3169116  90.27967751]
[ 7.31155658 94.09370858]
[ 5.95843666 94.09204432]
[ 5.95206164 98.73043688]
[ 7.17708609 98.73243399]
[  7.17436608 100.75517079]
[  7.54258742 100.75550364]
[  7.5382524  103.69868499]
[ 14.31260703 103.70844863]
[ 14.30920702 106.18275357]
[ 22.8601531  106.19495812]
[ 22.86372312 103.67050359]
[ 25.31759704 103.674054  ]
[ 25.31088201 108.47055089]
[ 13.28393329 108.45346453]
[ 13.25112317 131.81484861]
[  7.40352692 131.80630543]
[  7.40896693 127.94800515]
[  2.37482363 127.94079337]
[  2.35671857 140.86274305]
[1.87000680e-02 1.40859415e+02]
[  0.         154.15615468]
[  2.29279833 154.15937224]
[  2.27418326 167.41639214]
[  4.71037712 167.43048283]
[  4.58738168 142.51923257]
[ 14.43016246 142.46974869]
[ 14.5517129  167.17751591]
[ 14.55698292 168.21567884]
[ 15.78158237 168.22167016]
[ 16.68284065 168.22610818]
[ 18.17604107 168.23309805]
[74.97222755 91.59854495]
[74.98098259 83.97148138]
[84.13602587 83.98224356]
[84.12718584 91.60897429]
[74.97222755 91.59854495]



[np.array([-104.93574202,   39.67378334]), np.array([-104.93574194,   39.6737407 ]), np.array([-104.93544919,   39.67385579]), np.array([-104.93546767,   39.67388618]), np.array([-104.93543458,   39.67389839]), np.array([-104.93547772,   39.67396569]), np.array([-104.93551107,   39.67394994]), np.array([-104.93547879,   39.67390558]), np.array([-104.93566112,   39.67383505]), np.array([-104.93570716,   39.6739115 ]), np.array([-104.9357438 ,   39.67389865]), np.array([-104.93578952,   39.67396806]), np.array([-104.93575372,   39.67398365]), np.array([-104.93576055,   39.67399248]), np.array([-104.93576617,   39.67399975]), np.array([-104.93581191,   39.67405894]), np.array([-104.93571923,   39.67409283]), np.array([-104.93574318,   39.67412775]), np.array([-104.93575677,   39.67414756]), np.array([-104.93576546,   39.67416022]), np.array([-104.93578126,   39.67418325]), np.array([-104.93571844,   39.6742108 ]), np.array([-104.93570079,   39.67418796]), np.array([-104.9355629 ,   39.67424228]), np.array([-104.93551576,   39.67416613]), np.array([-104.93547566,   39.67418998]), np.array([-104.93538324,   39.67422713]), np.array([-104.93534022,   39.67416447]), np.array([-104.93534658,   39.67416233]), np.array([-104.93534177,   39.67415508]), np.array([-104.93533795,   39.6741493 ]), np.array([-104.9353011 ,   39.67416352]), np.array([-104.9353011 ,   39.67416021]), np.array([-104.93525405,   39.67409406]), np.array([-104.9352908,   39.6740761]), np.array([-104.93528056,   39.67406387]), np.array([-104.93527478,   39.67406591]), np.array([-104.93523257,   39.67400271]), np.array([-104.93541221,   39.67393116]), np.array([-104.93540025,   39.67391153]), np.array([-104.93537044,   39.67392344]), np.array([-104.93534778,   39.67389076]), np.array([-104.93537943,   39.6738801 ]), np.array([-104.93535816,   39.67384654]), np.array([-104.93542643,   39.67382068]), np.array([-104.93542998,   39.67382068]), np.array([-104.93542999,   39.67382586]), np.array([-104.93574195,   39.67370152]), np.array([-104.93574183,   39.673634  ]), np.array([-104.93574182,   39.67362849]), np.array([-104.9357418 ,   39.67362253]), np.array([-104.9357417 ,   39.67356405]), np.array([-104.93574168,   39.67355678]), np.array([-104.93574167,   39.67355034]), np.array([-104.93574125,   39.6733214 ]), np.array([-104.93560321,   39.67332155]), np.array([-104.93560316,   39.67329546]), np.array([-104.93560315,   39.67328654]), np.array([-104.93560313,   39.67327975]), np.array([-104.93560239,   39.67287157]), np.array([-104.93545008,   39.67287173]), np.array([-104.93545016,   39.6729149 ]), np.array([-104.93532818,   39.67291503]), np.array([-104.9353281,   39.6728717]), np.array([-104.93511867,   39.67287193]), np.array([-104.93511872,   39.67289895]), np.array([-104.93511936,   39.67325011]), np.array([-104.93511937,   39.67325598]), np.array([-104.93511938,   39.67326088]), np.array([-104.93506382,   39.67326094]), np.array([-104.93506373,   39.67320948]), np.array([-104.93503398,   39.67320952]), np.array([-104.935034 ,   39.6732217]), np.array([-104.93501179,   39.67322172]), np.array([-104.93501181,   39.67323318]), np.array([-104.93495635,   39.67323324]), np.array([-104.93495633,   39.67322239]), np.array([-104.93493426,   39.67322242]), np.array([-104.93493422,   39.67320135]), np.array([-104.93485504,   39.67320144]), np.array([-104.93485499,   39.67317414]), np.array([-104.93485126,   39.67317414]), np.array([-104.93485123,   39.67315618]), np.array([-104.93483536,   39.67315619]), np.array([-104.93483529,   39.67311413]), np.array([-104.93484973,   39.67311412]), np.array([-104.93484967,   39.67308064]), np.array([-104.93483474,   39.67308065]), np.array([-104.93483466,   39.67303645]), np.array([-104.93485084,   39.67303644]), np.array([-104.93485078,   39.67300286]), np.array([-104.93483572,   39.67300288]), np.array([-104.93483564,   39.6729602 ]), np.array([-104.93485095,   39.67296018]), np.array([-104.93485092,   39.67294405]), np.array([-104.93485565,   39.67294405]), np.array([-104.93485564,   39.67293699]), np.array([-104.9348556 ,   39.67291463]), np.array([-104.93493613,   39.67291454]), np.array([-104.93493609,   39.67289462]), np.array([-104.93495564,   39.6728946 ]), np.array([-104.93495562,   39.67288252]), np.array([-104.93501236,   39.67288246]), np.array([-104.93501238,   39.67289482]), np.array([-104.93503341,   39.6728948 ]), np.array([-104.93503345,   39.67291618]), np.array([-104.93506271,   39.67291615]), np.array([-104.93506261,   39.67285967]), np.array([-104.93506259,   39.67285203]), np.array([-104.93506257,   39.67284008]), np.array([-104.93507668,   39.67284006]), np.array([-104.935244  ,   39.67283988]), np.array([-104.93530589,   39.67283981]), np.array([-104.93548338,   39.67283962]), np.array([-104.93548332,   39.6728071 ]), np.array([-104.93551973,   39.67280706]), np.array([-104.93551973,   39.6728072 ]), np.array([-104.93551976,   39.67282756]), np.array([-104.93565907,   39.67282741]), np.array([-104.93565921,   39.67290467]), np.array([-104.93568731,   39.67290464]), np.array([-104.93568729,   39.67289475]), np.array([-104.9357106 ,   39.67289473]), np.array([-104.93571057,   39.67288326]), np.array([-104.93576504,   39.67288321]), np.array([-104.93576506,   39.67289457]), np.array([-104.93586153,   39.67289447]), np.array([-104.93586162,   39.67294592]), np.array([-104.93589813,   39.67294589]), np.array([-104.93589824,   39.67300318]), np.array([-104.93587075,   39.67300321]), np.array([-104.93587081,   39.67303782]), np.array([-104.93588635,   39.6730378 ]), np.array([-104.93588643,   39.67308072]), np.array([-104.93586978,   39.67308074]), np.array([-104.93586984,   39.67311511]), np.array([-104.93588576,   39.6731151 ]), np.array([-104.93588583,   39.6731569 ]), np.array([-104.93587142,   39.67315692]), np.array([-104.93587145,   39.67317515]), np.array([-104.93586712,   39.67317515]), np.array([-104.93586717,   39.67320168]), np.array([-104.93578747,   39.67320177]), np.array([-104.93578751,   39.67322407]), np.array([-104.93568692,   39.67322418]), np.array([-104.93568687,   39.67320143]), np.array([-104.935658  ,   39.67320146]), np.array([-104.93565808,   39.67324469]), np.array([-104.93579958,   39.67324454]), np.array([-104.93579996,   39.67345509]), np.array([-104.93586876,   39.67345502]), np.array([-104.93586869,   39.67342024]), np.array([-104.93592792,   39.67342018]), np.array([-104.93592813,   39.67353664]), np.array([-104.93595564,   39.67353661]), np.array([-104.93595586,   39.67365646]), np.array([-104.93592888,   39.67365649]), np.array([-104.9359291 ,   39.67377597]), np.array([-104.93590044,   39.6737761 ]), np.array([-104.93590189,   39.67355157]), np.array([-104.93578609,   39.67355113]), np.array([-104.93578466,   39.67377382]), np.array([-104.9357846 ,   39.67378318]), np.array([-104.93577019,   39.67378323]), np.array([-104.93575959,   39.67378327]), np.array([-104.93574202,   39.67378334]), np.array([-104.93507383,   39.67309262]), np.array([-104.93507373,   39.67302388]), np.array([-104.93496602,   39.67302398]), np.array([-104.93496613,   39.67309272]), np.array([-104.93507383,   39.67309262])]



278432
[-104.99333417   39.71209616]
[-104.993273     39.71209568]
[-104.99327479   39.71195965]
[-104.99327816   39.71195968]
[-104.99327851   39.71193285]
[-104.9932463   39.7119326]
[-104.99315941   39.71193192]
[-104.99312503   39.71193164]
[-104.9931249    39.71194205]
[-104.99314825   39.71194223]
[-104.99314783   39.71197399]
[-104.99312377   39.7119738 ]
[-104.99312307   39.71202698]
[-104.99268321   39.71202352]
[-104.99268338   39.71201092]
[-104.99259072   39.71201019]
[-104.99259064   39.71201556]
[-104.99255254   39.71201526]
[-104.99255651   39.71171429]
[-104.9925688    39.71171438]
[-104.99256923   39.71168179]
[-104.99255474   39.71168168]
[-104.99255649   39.71154953]
[-104.99254729   39.71154946]
[-104.99254768   39.71152025]
[-104.99255155   39.71152028]
[-104.99255237   39.71145813]
[-104.99254991   39.71145811]
[-104.99255135   39.71134905]
[-104.99270224   39.71135024]
[-104.99270222   39.71135186]
[-104.9927856    39.71135251]
[-104.99278548   39.71136202]
[-104.99282301   39.71136231]
[-104.99282311   39.71135486]
[-104.99298528   39.71135614]
[-104.99298533   39.71135174]
[-104.99313255   39.7113529 ]
[-104.99313195   39.7113987 ]
[-104.99314868   39.71139875]
[-104.99314945   39.71143236]
[-104.9931315    39.71143229]
[-104.99312988   39.71155582]
[-104.99298332   39.71155467]
[-104.99298383   39.71151546]
[-104.99295208   39.71151521]
[-104.99295162   39.71154949]
[-104.99286588   39.71154881]
[-104.99286609   39.71153284]
[-104.9928425    39.71153265]
[-104.99279844   39.71156747]
[-104.99279822   39.71158469]
[-104.99280505   39.71158474]
[-104.99280423   39.71164742]
[-104.99284771   39.71164776]
[-104.99284676   39.71171951]
[-104.99280393   39.71171917]
[-104.99280307   39.71178461]
[-104.99279646   39.71178456]
[-104.99279627   39.71179943]
[-104.99284374   39.71183655]
[-104.99286351   39.71183671]
[-104.99286373   39.71182047]
[-104.99294936   39.71182115]
[-104.9929489   39.711856 ]
[-104.99299523   39.71185636]
[-104.9929958    39.71181276]
[-104.99307565   39.71181339]
[-104.99307548   39.71182596]
[-104.99312498   39.71182634]
[-104.99312408   39.71189444]
[-104.99315826   39.7118947 ]
[-104.99324548   39.71189539]
[-104.99328165   39.71189568]
[-104.99328214   39.71185841]
[-104.99327782   39.71185838]
[-104.99327867   39.71179399]
[-104.99328411   39.71179403]
[-104.99328675   39.71159383]
[-104.9932803    39.71159378]
[-104.99328068   39.71156486]
[-104.99327842   39.71156484]
[-104.99328019   39.71143047]
[-104.99343955   39.71143173]
[-104.99343946   39.7114387 ]
[-104.99423082   39.71144493]
[-104.99423086   39.71144125]
[-104.99440967   39.71144266]
[-104.99445403   39.71152564]
[-104.99444906   39.7115256 ]
[-104.99444903   39.71152746]
[-104.99446742   39.7115894 ]
[-104.99442254   39.71160449]
[-104.99444512   39.71162554]
[-104.99449164   39.71161173]
[-104.9946626    39.71191817]
[-104.99467556   39.71194317]
[-104.99466745   39.71194471]
[-104.9946557    39.71193195]
[-104.99464967   39.7119319 ]
[-104.99466488   39.71195122]
[-104.99465338   39.71199737]
[-104.99466933   39.7119975 ]
[-104.99466845   39.71206422]
[-104.9946734    39.71206426]
[-104.99467274   39.71211441]
[-104.99459274   39.71211378]
[-104.9945927    39.71211677]
[-104.99410701   39.71211295]
[-104.99410699   39.7121147 ]
[-104.99399057   39.71211379]
[-104.99392456   39.71211327]
[-104.99392469   39.71210346]
[-104.99389327   39.71210322]
[-104.9938931    39.71211625]
[-104.99386897   39.71211606]
[-104.99386901   39.71211277]
[-104.99387196   39.71157459]
[-104.99343219   39.71157315]
[-104.99342924   39.71210932]
[-104.99342918   39.71211445]
[-104.99337194   39.712114  ]
[-104.99337202   39.71210787]
[-104.99333402   39.71210758]
[-104.99333417   39.71209616]
[-104.99430712   39.71179415] hole start
[-104.99421983   39.71163189] cp1
[-104.99422021   39.7116319 ]           remove
[-104.99421972   39.7116317 ]           remove
[-104.99421983   39.71163189] cp1       remove
[-104.99418648   39.71163169]
[-104.99418642   39.71163795]
[-104.99414683   39.7116377 ]
[-104.99414672   39.7116485 ]
[-104.99405705   39.71164794]
[-104.99405723   39.71163107]
[-104.99403519   39.71163093]
[-104.99398932   39.71166494]
[-104.99398913   39.71168264]
[-104.99400313   39.71168273]
[-104.99400283   39.71171139]
[-104.99401511   39.71171146]
[-104.99401363   39.71185482]
[-104.99399923   39.71185473]
[-104.99399894   39.71188315]
[-104.99398786   39.71188308]
[-104.99398769   39.7119001 ]
[-104.99403272   39.71193476]
[-104.99405415   39.71193489]
[-104.99405425   39.71192479]
[-104.99409086   39.71192501]
[-104.99409097   39.71191447]
[-104.99427648   39.71191561]
[-104.99427703   39.7119262 ]
[-104.99431376   39.7119262 ]
[-104.99431376   39.71193763]
[-104.99433514   39.71193721]
[-104.99438558   39.71189233]
[-104.99437791   39.71187751]
[-104.99435676   39.71188462]
[-104.99432299   39.711823  ]
[-104.9943315    39.71182021]
[-104.99431568   39.71179134]
[-104.99430712   39.71179415] hole end



[np.array([-104.99333417,   39.71209616]), np.array([-104.993273  ,   39.71209568]), np.array([-104.99327479,   39.71195965]), np.array([-104.99327816,   39.71195968]), np.array([-104.99327851,   39.71193285]), np.array([-104.9932463,   39.7119326]), np.array([-104.99315941,   39.71193192]), np.array([-104.99312503,   39.71193164]), np.array([-104.9931249 ,   39.71194205]), np.array([-104.99314825,   39.71194223]), np.array([-104.99314783,   39.71197399]), np.array([-104.99312377,   39.7119738 ]), np.array([-104.99312307,   39.71202698]), np.array([-104.99268321,   39.71202352]), np.array([-104.99268338,   39.71201092]), np.array([-104.99259072,   39.71201019]), np.array([-104.99259064,   39.71201556]), np.array([-104.99255254,   39.71201526]), np.array([-104.99255651,   39.71171429]), np.array([-104.9925688 ,   39.71171438]), np.array([-104.99256923,   39.71168179]), np.array([-104.99255474,   39.71168168]), np.array([-104.99255649,   39.71154953]), np.array([-104.99254729,   39.71154946]), np.array([-104.99254768,   39.71152025]), np.array([-104.99255155,   39.71152028]), np.array([-104.99255237,   39.71145813]), np.array([-104.99254991,   39.71145811]), np.array([-104.99255135,   39.71134905]), np.array([-104.99270224,   39.71135024]), np.array([-104.99270222,   39.71135186]), np.array([-104.9927856 ,   39.71135251]), np.array([-104.99278548,   39.71136202]), np.array([-104.99282301,   39.71136231]), np.array([-104.99282311,   39.71135486]), np.array([-104.99298528,   39.71135614]), np.array([-104.99298533,   39.71135174]), np.array([-104.99313255,   39.7113529 ]), np.array([-104.99313195,   39.7113987 ]), np.array([-104.99314868,   39.71139875]), np.array([-104.99314945,   39.71143236]), np.array([-104.9931315 ,   39.71143229]), np.array([-104.99312988,   39.71155582]), np.array([-104.99298332,   39.71155467]), np.array([-104.99298383,   39.71151546]), np.array([-104.99295208,   39.71151521]), np.array([-104.99295162,   39.71154949]), np.array([-104.99286588,   39.71154881]), np.array([-104.99286609,   39.71153284]), np.array([-104.9928425 ,   39.71153265]), np.array([-104.99279844,   39.71156747]), np.array([-104.99279822,   39.71158469]), np.array([-104.99280505,   39.71158474]), np.array([-104.99280423,   39.71164742]), np.array([-104.99284771,   39.71164776]), np.array([-104.99284676,   39.71171951]), np.array([-104.99280393,   39.71171917]), np.array([-104.99280307,   39.71178461]), np.array([-104.99279646,   39.71178456]), np.array([-104.99279627,   39.71179943]), np.array([-104.99284374,   39.71183655]), np.array([-104.99286351,   39.71183671]), np.array([-104.99286373,   39.71182047]), np.array([-104.99294936,   39.71182115]), np.array([-104.9929489,   39.711856 ]), np.array([-104.99299523,   39.71185636]), np.array([-104.9929958 ,   39.71181276]), np.array([-104.99307565,   39.71181339]), np.array([-104.99307548,   39.71182596]), np.array([-104.99312498,   39.71182634]), np.array([-104.99312408,   39.71189444]), np.array([-104.99315826,   39.7118947 ]), np.array([-104.99324548,   39.71189539]), np.array([-104.99328165,   39.71189568]), np.array([-104.99328214,   39.71185841]), np.array([-104.99327782,   39.71185838]), np.array([-104.99327867,   39.71179399]), np.array([-104.99328411,   39.71179403]), np.array([-104.99328675,   39.71159383]), np.array([-104.9932803 ,   39.71159378]), np.array([-104.99328068,   39.71156486]), np.array([-104.99327842,   39.71156484]), np.array([-104.99328019,   39.71143047]), np.array([-104.99343955,   39.71143173]), np.array([-104.99343946,   39.7114387 ]), np.array([-104.99423082,   39.71144493]), np.array([-104.99423086,   39.71144125]), np.array([-104.99440967,   39.71144266]), np.array([-104.99445403,   39.71152564]), np.array([-104.99444906,   39.7115256 ]), np.array([-104.99444903,   39.71152746]), np.array([-104.99446742,   39.7115894 ]), np.array([-104.99442254,   39.71160449]), np.array([-104.99444512,   39.71162554]), np.array([-104.99449164,   39.71161173]), np.array([-104.9946626 ,   39.71191817]), np.array([-104.99467556,   39.71194317]), np.array([-104.99466745,   39.71194471]), np.array([-104.9946557 ,   39.71193195]), np.array([-104.99464967,   39.7119319 ]), np.array([-104.99466488,   39.71195122]), np.array([-104.99465338,   39.71199737]), np.array([-104.99466933,   39.7119975 ]), np.array([-104.99466845,   39.71206422]), np.array([-104.9946734 ,   39.71206426]), np.array([-104.99467274,   39.71211441]), np.array([-104.99459274,   39.71211378]), np.array([-104.9945927 ,   39.71211677]), np.array([-104.99410701,   39.71211295]), np.array([-104.99410699,   39.7121147 ]), np.array([-104.99399057,   39.71211379]), np.array([-104.99392456,   39.71211327]), np.array([-104.99392469,   39.71210346]), np.array([-104.99389327,   39.71210322]), np.array([-104.9938931 ,   39.71211625]), np.array([-104.99386897,   39.71211606]), np.array([-104.99386901,   39.71211277]), np.array([-104.99387196,   39.71157459]), np.array([-104.99343219,   39.71157315]), np.array([-104.99342924,   39.71210932]), np.array([-104.99342918,   39.71211445]), np.array([-104.99337194,   39.712114  ]), np.array([-104.99337202,   39.71210787]), np.array([-104.99333402,   39.71210758]), np.array([-104.99333417,   39.71209616]), np.array([-104.99430712,   39.71179415]), np.array([-104.99421983,   39.71163189]), np.array([-104.99418648,   39.71163169]), np.array([-104.99418642,   39.71163795]), np.array([-104.99414683,   39.7116377 ]), np.array([-104.99414672,   39.7116485 ]), np.array([-104.99405705,   39.71164794]), np.array([-104.99405723,   39.71163107]), np.array([-104.99403519,   39.71163093]), np.array([-104.99398932,   39.71166494]), np.array([-104.99398913,   39.71168264]), np.array([-104.99400313,   39.71168273]), np.array([-104.99400283,   39.71171139]), np.array([-104.99401511,   39.71171146]), np.array([-104.99401363,   39.71185482]), np.array([-104.99399923,   39.71185473]), np.array([-104.99399894,   39.71188315]), np.array([-104.99398786,   39.71188308]), np.array([-104.99398769,   39.7119001 ]), np.array([-104.99403272,   39.71193476]), np.array([-104.99405415,   39.71193489]), np.array([-104.99405425,   39.71192479]), np.array([-104.99409086,   39.71192501]), np.array([-104.99409097,   39.71191447]), np.array([-104.99427648,   39.71191561]), np.array([-104.99427703,   39.7119262 ]), np.array([-104.99431376,   39.7119262 ]), np.array([-104.99431376,   39.71193763]), np.array([-104.99433514,   39.71193721]), np.array([-104.99438558,   39.71189233]), np.array([-104.99437791,   39.71187751]), np.array([-104.99435676,   39.71188462]), np.array([-104.99432299,   39.711823  ]), np.array([-104.9943315 ,   39.71182021]), np.array([-104.99431568,   39.71179134]), np.array([-104.99430712,   39.71179415])]