ground distance, LOS dist, two ray, free space
5, 45.2769, 52.4614, 55.1954
6, 45.3982, 52.3847, 55.048
7, 45.5412, 52.6349, 55.1293
8, 45.7056, 52.8281, 55.3131
9, 45.8912, 53.1764, 55.2592
10, 46.0977, 53.686, 55.2587
11, 46.3249, 54.2514, 55.3014
12, 46.5725, 55.0138, 55.3281
13, 46.8402, 55.7736, 55.2389
14, 47.1275, 57.1985, 55.5657
15, 47.4342, 57.9818, 55.4852
16, 47.7598, 58.9719, 55.6391
17, 48.1041, 59.0247, 55.798
18, 48.4665, 58.0133, 55.6397
19, 48.8467, 56.7233, 55.6711
20, 49.2443, 55.8498, 56.0151
21, 49.6588, 54.7484, 56.0856
22, 50.0899, 53.9327, 56.013
23, 50.5371, 53.3782, 56.0031
24, 51, 53.3285, 56.1497
25, 51.4782, 53.562, 56.288
26, 51.9711, 53.9136, 56.1249
27, 52.4786, 54.9432, 56.3522
28, 53, 56.2472, 56.4467
29, 53.535, 57.6075, 56.2953
30, 54.0833, 59.16, 56.4899
31, 54.6443, 60.0845, 56.6474
32, 55.2178, 59.6386, 56.8662
33, 55.8032, 58.167, 57.0536
34, 56.4004, 56.3799, 56.8606
35, 57.0088, 55.3032, 57.0068
36, 57.6281, 54.6563, 57.1587
37, 58.258, 54.5732, 57.3649
38, 58.8982, 54.5054, 57.2159
39, 59.5483, 55.0907, 57.4521
40, 60.208, 56.0345, 57.5848
41, 60.8769, 57.318, 57.6113
42, 61.5549, 58.924, 57.6456
43, 62.2415, 60.8358, 57.8255
44, 62.9365, 62.1414, 58.1165
45, 63.6396, 60.9388, 58.0227
46, 64.3506, 59.5199, 58.1214
47, 65.0692, 58.113, 58.2724
48, 65.7951, 56.9231, 58.2583
49, 66.5282, 56.1322, 58.3141
50, 67.2681, 55.9143, 58.583
51, 68.0147, 55.8821, 58.6372
52, 68.7677, 56.1046, 58.7132
53, 69.527, 56.7536, 58.9142
54, 70.2922, 57.7134, 58.9584
55, 71.0634, 58.7513, 58.9402
56, 71.8401, 60.2604, 59.1147
57, 72.6223, 62.0017, 59.1956
58, 73.4098, 63.5071, 59.5705
59, 74.2024, 62.9301, 59.4242
60, 75, 61.4794, 59.1869
61, 75.8024, 60.8246, 59.6849
62, 76.6094, 59.5396, 59.7059
63, 77.4209, 58.6207, 59.8751
64, 78.2368, 58.0729, 59.9977
65, 79.0569, 57.5622, 59.8639
66, 79.8812, 57.3196, 59.9028
67, 80.7094, 57.4692, 60.1084
68, 81.5414, 57.8158, 60.1305
69, 82.3772, 58.3684, 60.3984
70, 83.2166, 58.8964, 60.2858
71, 84.0595, 59.7692, 60.4033
72, 84.9058, 60.9975, 60.6947
73, 85.7555, 62.2822, 60.7947
74, 86.6083, 63.052, 60.7451
75, 87.4643, 64.2416, 60.8922
76, 88.3233, 64.241, 60.9198
77, 89.1852, 64.4883, 61.2013
78, 90.05, 63.0506, 60.9564
79, 90.9175, 62.5972, 61.1932
80, 91.7878, 61.5204, 61.1352
81, 92.6607, 60.6978, 61.1707
82, 93.5361, 60.2833, 61.4179
83, 94.414, 59.6335, 61.2645
84, 95.2943, 59.5877, 61.5818
85, 96.1769, 59.4124, 61.6226
86, 97.0618, 59.3773, 61.6957
87, 97.949, 59.3608, 61.6549
88, 98.8383, 59.6743, 61.9585
89, 99.7296, 59.9525, 61.8837
90, 100.623, 60.1953, 61.8178
91, 101.518, 60.9577, 62.2762
92, 102.416, 61.393, 62.1577
93, 103.315, 62.0161, 62.2142
94, 104.216, 62.9648, 62.4365
95, 105.119, 63.7054, 62.6062
96, 106.024, 64.0463, 62.3726
97, 106.93, 64.831, 62.5912
98, 107.838, 65.4399, 62.7422
99, 108.747, 65.3697, 62.6378
100, 109.659, 66.055, 63.0796
101, 110.571, 65.3599, 62.8646
102, 111.485, 65.088, 63
103, 112.401, 64.4579, 63.0224
104, 113.318, 64.0217, 63.0255
105, 114.237, 63.8104, 63.3127
106, 115.156, 63.1653, 63.1675
107, 116.078, 62.8147, 63.2736
108, 117, 62.4471, 63.286
109, 117.924, 62.2371, 63.3759
110, 118.849, 62.0309, 63.4308
111, 119.775, 61.9118, 63.4404
112, 120.702, 61.7942, 63.5287
113, 121.631, 61.8465, 63.6707
114, 122.56, 61.9485, 63.8004
115, 123.491, 62.0185, 63.8354
116, 124.423, 62.2171, 64.0433
117, 125.355, 62.1937, 63.9415
118, 126.289, 62.2962, 63.7622
119, 127.224, 62.5929, 63.9922
120, 128.16, 62.9986, 64.1731
121, 129.097, 63.2383, 64.1926
122, 130.035, 63.5717, 64.308
123, 130.973, 63.8224, 64.3135
124, 131.913, 64.3194, 64.4436
125, 132.853, 64.6127, 64.5097
126, 133.795, 64.9572, 64.5622
127, 134.737, 65.267, 64.5596
128, 135.68, 65.5106, 64.5383
129, 136.624, 65.5575, 64.466
130, 137.568, 66.0687, 64.7229
131, 138.514, 66.3246, 64.8019
132, 139.46, 66.5187, 64.8589
133, 140.407, 66.5552, 64.8765
134, 141.354, 66.8282, 65.0308
135, 142.302, 66.7196, 65.0038
136, 143.252, 66.8845, 65.2132
137, 144.201, 66.955, 65.3088
138, 145.152, 66.5318, 65.1566
139, 146.103, 66.4778, 65.2392
140, 147.054, 66.3538, 65.35
141, 148.007, 66.0573, 65.2958
142, 148.96, 66.0524, 65.4269
143, 149.913, 66.0061, 65.5969
144, 150.867, 65.601, 65.3984
145, 151.822, 65.6359, 65.5749
146, 152.778, 65.6035, 65.7014
147, 153.734, 65.5137, 65.7644
148, 154.69, 65.4082, 65.8271
149, 155.647, 65.3022, 65.8367
150, 156.605, 65.2844, 65.9428
152, 158.521, 65.0182, 65.7656
154, 160.44, 65.038, 65.956
156, 162.361, 65.1602, 66.1233
158, 164.283, 65.3546, 66.3875
160, 166.208, 65.3447, 66.3267
162, 168.134, 65.474, 66.3565
164, 170.062, 65.897, 66.7348
166, 171.991, 66.108, 66.8103
168, 173.922, 66.2742, 66.8494
170, 175.855, 66.3702, 66.7783
172, 177.789, 66.591, 66.9247
174, 179.725, 66.8789, 67.0751
176, 181.662, 67.0371, 67.099
178, 183.6, 67.4409, 67.3799
180, 185.54, 67.5987, 67.4132
182, 187.481, 67.7519, 67.5081
184, 189.423, 67.6713, 67.392
186, 191.366, 67.9347, 67.5833
188, 193.311, 68.0085, 67.6539
190, 195.256, 68.0213, 67.6682
192, 197.203, 68.0007, 67.6641
194, 199.151, 68.1471, 67.8165
196, 201.099, 68.5233, 68.218
198, 203.049, 68.375, 68.1219
200, 205, 68.3917, 68.1725
202, 206.952, 68.3841, 68.2011
204, 208.904, 68.4679, 68.3126
206, 210.858, 68.6002, 68.4649
208, 212.812, 68.567, 68.4565
210, 214.767, 68.664, 68.5724
212, 216.723, 68.9204, 68.8318
214, 218.68, 68.9279, 68.8451
216, 220.638, 68.9425, 68.8478
218, 222.596, 68.9728, 68.8662
220, 224.555, 69.0599, 68.9401
222, 226.515, 69.4513, 69.2905
224, 228.475, 69.5357, 69.3402
226, 230.437, 69.5414, 69.3066
228, 232.398, 69.6978, 69.4226
230, 234.361, 69.6485, 69.3372
232, 236.324, 69.7793, 69.4162
234, 238.288, 69.9705, 69.5579
236, 240.252, 70.11, 69.6512
238, 242.217, 70.1906, 69.6867
240, 244.182, 70.1013, 69.585
242, 246.148, 70.5865, 70.0056
244, 248.115, 70.336, 69.7555
246, 250.082, 70.6569, 70.0039
248, 252.05, 70.6636, 70.0171
250, 254.018, 70.8494, 70.1796
255, 258.94, 70.6973, 70.0884
260, 263.865, 70.8876, 70.3672
265, 268.794, 70.7495, 70.3522
275, 278.657, 71.0083, 70.9393
280, 283.593, 70.8741, 71.0064
285, 288.531, 70.8875, 71.1781
290, 293.471, 70.9422, 71.4988
295, 298.412, 70.6675, 71.3567
300, 303.356, 70.6399, 71.6264
305, 308.302, 70.7978, 71.918
310, 313.249, 70.4912, 71.6816
315, 318.198, 70.6654, 72.0786
320, 323.149, 70.6386, 72.1276
325, 328.101, 70.8904, 72.4722
330, 333.054, 70.7236, 72.2937
335, 338.009, 70.8622, 72.5878
340, 342.965, 70.9724, 72.723
345, 347.922, 71.1922, 72.8214
350, 352.881, 71.3362, 72.8663
355, 357.841, 71.5474, 73.0112
360, 362.802, 72.0723, 73.4072
365, 367.764, 71.907, 73.3515
370, 372.726, 72.0905, 73.1792
375, 377.69, 72.4522, 73.5083
380, 382.655, 72.6292, 73.7206
385, 387.621, 73.2217, 73.8438
390, 392.588, 73.1525, 73.8139
395, 397.555, 73.5948, 73.921
400, 402.523, 73.895, 74.0897
405, 407.492, 74.1919, 74.3071
410, 412.462, 74.6547, 74.3411
415, 417.433, 74.754, 74.2572
420, 422.404, 75.4503, 74.6192
425, 427.376, 75.8558, 74.6607
430, 432.348, 76.3146, 74.6605
435, 437.321, 76.0295, 74.6509
440, 442.295, 76.7463, 74.9038
445, 447.269, 77.098, 74.9748
450, 452.244, 77.6414, 75.1387
455, 457.22, 77.8478, 75.0734
460, 462.196, 78.2767, 75.1973
465, 467.172, 78.6622, 75.3442
470, 472.149, 78.8579, 75.5195
475, 477.127, 79.2093, 75.5165
480, 482.105, 80.3029, 75.9579
485, 487.083, 79.6548, 75.6959
490, 492.062, 79.8577, 75.7799
495, 497.041, 79.6929, 75.6813
500, 502.021, 79.7587, 75.8053
505, 507.001, 80.3095, 76.0744
510, 511.981, 80.4819, 76.2385
515, 516.962, 80.5075, 76.2609
520, 521.943, 79.9891, 76.2213
525, 526.925, 80.9061, 76.4795
530, 531.907, 80.2351, 76.5238
535, 536.889, 81.2569, 76.8881
540, 541.872, 80.2244, 76.7357
545, 546.855, 80.9437, 76.8086
550, 551.838, 80.2944, 76.8411
555, 556.821, 80.1917, 76.9743
560, 561.805, 80.1723, 77.1347
565, 566.789, 79.2121, 76.9351
570, 571.774, 79.589, 77.2156
575, 576.758, 79.3563, 77.0506
580, 581.743, 79.2281, 77.2667
585, 586.728, 78.5418, 77.3256
590, 591.714, 77.8731, 77.3324
595, 596.699, 78.7026, 77.4546
600, 601.685, 78.9452, 77.3971
610, 611.658, 78.3187, 77.5735
620, 621.631, 78.338, 77.8188
630, 631.605, 77.2311, 77.8926
640, 641.58, 77.6237, 78.1062
650, 651.556, 77.9627, 78.2511
660, 661.532, 77.9622, 78.4644
670, 671.509, 77.207, 78.7136
680, 681.487, 77.3318, 78.6434
690, 691.466, 77.3405, 78.7566
700, 701.445, 77.3612, 78.96
710, 711.425, 76.8171, 79.0255
720, 721.405, 76.979, 79.088
730, 731.386, 76.8737, 79.2659
740, 741.367, 76.865, 79.4121
750, 751.349, 76.6529, 79.4976
760, 761.331, 76.473, 79.571
770, 771.314, 76.9527, 79.6798
780, 781.297, 76.6192, 79.9342
790, 791.281, 76.4031, 79.9649
800, 801.265, 76.758, 80.1556
810, 811.249, 76.6331, 80.2033
820, 821.234, 76.5732, 80.2052
830, 831.219, 77.0382, 80.5623
840, 841.204, 76.7356, 80.5647
850, 851.19, 76.9719, 80.6539
860, 861.177, 76.8168, 80.8335
870, 871.163, 77.18, 80.7286
880, 881.15, 76.8724, 80.7233
890, 891.137, 77.027, 80.7981
900, 901.124, 77.1045, 81.3511
910, 911.112, 77.293, 81.1137
920, 921.1, 77.1085, 81.3662
930, 931.088, 77.3581, 81.451
940, 941.077, 77.3479, 81.352
950, 951.065, 77.3407, 81.5822
960, 961.054, 77.5025, 81.9173
970, 971.043, 77.4368, 81.6051
980, 981.033, 77.5887, 81.9451
990, 991.022, 77.6594, 82.0511
1000, 1001.01, 77.6076, 81.9053