Ground distance, pathloss, LOS distance, average ray length
5, 36.0785, 5, 4.9814
6, 38.4595, 6, 5.97659
7, 38.3276, 7, 6.97358
8, 40.133, 8, 7.96824
9, 41.046, 9, 8.96838
10, 41.854, 10, 9.9645
11, 42.5772, 11, 10.958
12, 44.4133, 12, 11.9546
13, 44.3779, 13, 12.9499
14, 44.595, 14, 13.9466
15, 45.5103, 15, 14.9415
16, 46.5314, 16, 15.9365
17, 46.3583, 17, 16.9387
18, 46.2523, 18, 17.9308
19, 47.7306, 19, 18.9324
20, 47.693, 20, 19.9258
21, 48.2983, 21, 20.9233
22, 48.6498, 22, 21.9157
23, 49.5934, 23, 22.9158
24, 49.4318, 24, 23.9072
25, 49.6312, 25, 24.9047
26, 49.9719, 26, 25.8987
27, 50.3252, 27, 26.9023
28, 51.5784, 28, 27.8946
29, 50.8449, 29, 28.8884
30, 51.1144, 30, 29.8869
31, 51.7345, 31, 30.8824
32, 52.3445, 32, 31.8806
33, 52.0682, 33, 32.8802
34, 52.7287, 34, 33.8762
35, 52.8698, 35, 34.8683
36, 52.748, 36, 35.8672
37, 53.9052, 37, 36.8585
38, 53.7796, 38, 37.8562
39, 53.1992, 39, 38.8507
40, 54.3704, 40, 39.8519
41, 54.2169, 41, 40.8423
42, 53.8429, 42, 41.8397
43, 54.0001, 43, 42.8431
44, 55.2279, 44, 43.8286
45, 55.1633, 45, 44.833
46, 55.3263, 46, 45.822
47, 55.6259, 47, 46.8189
48, 56.1043, 48, 47.8281
49, 55.4764, 49, 48.809
50, 55.807, 50, 49.8139
51, 55.6496, 51, 50.81
52, 56.7088, 52, 51.8023
53, 56.0328, 53, 52.8119
54, 55.64, 54, 53.8067
55, 56.6348, 55, 54.7923
56, 56.7913, 56, 55.7765
57, 57.2166, 57, 56.7934
58, 57.5391, 58, 57.7837
59, 57.601, 59, 58.7677
60, 57.4435, 60, 59.7722
61, 57.6407, 61, 60.7677
62, 57.8637, 62, 61.775
63, 57.8408, 63, 62.76
64, 57.8729, 64, 63.7612
65, 58.2467, 65, 64.7616
66, 58.4343, 66, 65.7449
67, 57.8994, 67, 66.7599
68, 58.5041, 68, 67.7413
69, 58.5005, 69, 68.7326
70, 59.4742, 70, 69.7453
71, 58.9593, 71, 70.7292
72, 59.1078, 72, 71.7319
73, 59.3655, 73, 72.7267
74, 59.5118, 74, 73.7186
75, 59.4897, 75, 74.6993
76, 59.7718, 76, 75.7184
77, 60.3021, 77, 76.7132
78, 59.6695, 78, 77.6997
79, 60.0237, 79, 78.6907
80, 60.3323, 80, 79.702
81, 60.0769, 81, 80.7054
82, 60.5468, 82, 81.6963
83, 60.7703, 83, 82.6756
84, 59.9595, 84, 83.6835
85, 61.0374, 85, 84.689
86, 61.1695, 86, 85.6627
87, 61.0319, 87, 86.669
88, 60.1505, 88, 87.6669
89, 60.4617, 89, 88.659
90, 60.5587, 90, 89.6565
91, 60.6305, 91, 90.6489
92, 60.9993, 92, 91.6364
93, 61.6111, 93, 92.6321
94, 62.0348, 94, 93.6476
95, 61.6817, 95, 94.6586
96, 61.7726, 96, 95.6209
97, 61.7513, 97, 96.638
98, 62.9633, 98, 97.6246
99, 61.662, 99, 98.6311
100, 61.854, 100, 99.6163
101, 61.1885, 101, 100.629
102, 62.2711, 102, 101.62
103, 62.767, 103, 102.625
104, 62.0642, 104, 103.608
105, 62.1731, 105, 104.612
106, 62.8948, 106, 105.588
107, 61.9894, 107, 106.585
108, 62.5757, 108, 107.595
109, 63.5124, 109, 108.593
110, 63.0405, 110, 109.578
111, 62.6558, 111, 110.584
112, 62.8916, 112, 111.569
113, 63.05, 113, 112.558
114, 63.1265, 114, 113.57
115, 63.2574, 115, 114.585
116, 63.1167, 116, 115.57
117, 62.8619, 117, 116.556
118, 63.7965, 118, 117.526
119, 63.1078, 119, 118.56
120, 64.3475, 120, 119.552
121, 63.5898, 121, 120.536
122, 63.2992, 122, 121.539
123, 63.8415, 123, 122.549
124, 63.6698, 124, 123.531
125, 63.9816, 125, 124.512
126, 64.7065, 126, 125.533
127, 64.1195, 127, 126.525
128, 65.0072, 128, 127.539
129, 64.339, 129, 128.518
130, 64.5494, 130, 129.505
131, 64.3613, 131, 130.509
132, 64.6241, 132, 131.488
133, 64.5204, 133, 132.507
134, 64.8126, 134, 133.485
135, 64.5679, 135, 134.456
136, 64.5513, 136, 135.494
137, 64.7778, 137, 136.489
138, 64.9248, 138, 137.492
139, 65.0729, 139, 138.476
140, 64.8031, 140, 139.493
141, 65.4639, 141, 140.484
142, 64.953, 142, 141.457
143, 65.1225, 143, 142.449
144, 64.5215, 144, 143.45
145, 65.0287, 145, 144.434
146, 65.141, 146, 145.445
147, 65.4175, 147, 146.415
148, 65.3394, 148, 147.424
149, 65.793, 149, 148.443
150, 65.483, 150, 149.433
152, 65.1595, 152, 151.429
154, 65.8495, 154, 153.413
156, 66.2214, 156, 155.403
158, 65.4958, 158, 157.407
160, 66.4711, 160, 159.406
162, 65.7872, 162, 161.377
164, 67.0282, 164, 163.389
166, 66.2035, 166, 165.382
168, 66.4403, 168, 167.376
170, 66.6248, 170, 169.342
172, 66.3577, 172, 171.37
174, 67.26, 174, 173.357
176, 67.4205, 176, 175.346
178, 67.0796, 178, 177.325
180, 67.1213, 180, 179.318
182, 67.1087, 182, 181.311
184, 67.0716, 184, 183.302
186, 67.2975, 186, 185.268
188, 67.7829, 188, 187.294
190, 67.0977, 190, 189.298
192, 67.1399, 192, 191.293
194, 67.7172, 194, 193.295
196, 68.1743, 196, 195.293
198, 68.1748, 198, 197.25
200, 67.693, 200, 199.245
202, 67.9875, 202, 201.248
204, 67.7895, 204, 203.246
206, 68.5188, 206, 205.198
208, 68.661, 208, 207.236
210, 68.4328, 210, 209.172
212, 68.5151, 212, 211.226
214, 68.2052, 214, 213.186
216, 68.4384, 216, 215.168
218, 68.5967, 218, 217.191
220, 69.4836, 220, 219.128
222, 68.4009, 222, 221.171
224, 68.8855, 224, 223.14
226, 68.7041, 226, 225.158
228, 68.9863, 228, 227.151
230, 69.5343, 230, 229.163
232, 69.882, 232, 231.183
234, 69.5398, 234, 233.091
236, 69.5016, 236, 235.071
238, 69.5474, 238, 237.101
240, 69.6201, 240, 239.088
242, 69.3487, 242, 241.092
244, 69.9604, 244, 243.095
246, 69.4156, 246, 245.036
248, 69.173, 248, 247.046
250, 70.0579, 250, 249
255, 70.4013, 255, 253.978
260, 70.6287, 260, 259.056
265, 70.7941, 265, 263.96
270, 70.9565, 270, 269.001
275, 71.5505, 275, 273.996
280, 70.7445, 280, 278.896
285, 70.8462, 285, 283.91
290, 71.0493, 290, 288.959
295, 71.0943, 295, 293.924
300, 71.9013, 300, 298.89
305, 72.0152, 305, 303.881
310, 71.5508, 310, 308.795
315, 71.6897, 315, 313.82
320, 73.1363, 320, 318.754
325, 71.9356, 325, 323.717
330, 72.2775, 330, 328.764
335, 72.8007, 335, 333.713
340, 72.7007, 340, 338.671
345, 72.969, 345, 343.61
350, 73.1228, 350, 348.689
355, 72.4784, 355, 353.707
360, 73.7612, 360, 358.552
365, 73.4298, 365, 363.686
370, 73.4631, 370, 368.573
375, 73.6078, 375, 373.58
380, 73.8955, 380, 378.623
385, 73.2074, 385, 383.49
390, 73.1053, 390, 388.505
395, 73.6812, 395, 393.505
400, 74.0846, 400, 398.554
405, 73.6964, 405, 403.48
410, 74.0832, 410, 408.532
415, 74.46, 415, 413.474
420, 75.0372, 420, 418.388
425, 74.2149, 425, 423.368
430, 74.4446, 430, 428.407
435, 74.2195, 435, 433.319
440, 74.8032, 440, 438.312
445, 75.2087, 445, 443.241
450, 74.6612, 450, 448.306
455, 75.0408, 455, 453.293
460, 75.4106, 460, 458.289
465, 75.3375, 465, 463.232
470, 75.4032, 470, 468.273
475, 75.6611, 475, 473.151
480, 75.954, 480, 478.215
485, 75.8139, 485, 483.163
490, 76.3762, 490, 488.141
495, 76.1626, 495, 493.077
500, 76.3086, 500, 498.137
505, 76.1092, 505, 503.123
510, 75.6987, 510, 508.212
515, 76.5359, 515, 513.085
520, 76.0953, 520, 518.112
525, 76.5587, 525, 523.01
530, 76.6981, 530, 528.134
535, 76.3684, 535, 533.037
540, 77.2831, 540, 537.971
545, 76.8551, 545, 542.937
550, 76.6086, 550, 547.883
555, 76.5078, 555, 552.983
560, 76.7913, 560, 557.865
565, 76.8949, 565, 562.937
570, 77.5363, 570, 568.01
575, 77.2092, 575, 572.871
580, 76.9157, 580, 577.796
585, 77.8842, 585, 582.906
590, 77.0642, 590, 587.739
595, 77.0624, 595, 592.7
600, 77.3906, 600, 597.646
610, 78.3418, 610, 607.783
620, 77.9469, 620, 617.649
630, 78.3457, 630, 627.706
640, 78.2791, 640, 637.611
650, 78.0335, 650, 647.556
660, 78.2981, 660, 657.614
670, 78.5926, 670, 667.579
680, 78.6114, 680, 677.389
690, 78.9896, 690, 687.38
700, 78.9178, 700, 697.44
710, 79.4742, 710, 707.303
720, 79.5957, 720, 717.233
730, 79.147, 730, 727.314
740, 79.2122, 740, 737.16
750, 79.7718, 750, 747.21
760, 79.8868, 760, 757.083
770, 80.3021, 770, 767.088
780, 79.3158, 780, 777.175
790, 81.2731, 790, 787.095
800, 80.8257, 800, 796.957
810, 80.7733, 810, 807.079
820, 79.9487, 820, 816.89
830, 79.6424, 830, 826.691
840, 80.3131, 840, 836.748
850, 79.8956, 850, 846.698
860, 80.6512, 860, 856.702
870, 80.4883, 870, 866.732
880, 80.7969, 880, 876.654
890, 80.9762, 890, 886.62
900, 81.8815, 900, 896.67
910, 81.5397, 910, 906.555
920, 81.5463, 920, 916.448
930, 81.3038, 930, 926.553
940, 81.2901, 940, 936.26
950, 81.382, 950, 946.291
960, 81.2174, 960, 956.309
970, 80.7275, 970, 966.375
980, 81.4465, 980, 976.257
990, 82.0967, 990, 986.164
1000, 81.9612, 1000, 996.339