ground distance, LOS dist, two ray, free space
5, 45.2769, 62.6788, 64.7602
6, 45.3982, 63.4092, 64.8376
7, 45.5412, 64.5412, 64.5815
8, 45.7056, 66.534, 64.727
9, 45.8912, 68.139, 64.7972
10, 46.0977, 67.307, 64.7642
11, 46.3249, 64.901, 64.868
12, 46.5725, 62.9252, 64.9186
13, 46.8402, 62.2525, 65.1091
14, 47.1275, 62.6621, 64.9887
15, 47.4342, 64.8405, 65.0168
16, 47.7598, 68.0952, 65.087
17, 48.1041, 67.4461, 65.2863
18, 48.4665, 63.9398, 65.2211
19, 48.8467, 62.5123, 65.3614
20, 49.2443, 63.3532, 65.4407
21, 49.6588, 66.8322, 65.3675
22, 50.0899, 68.6011, 65.4878
23, 50.5371, 64.5275, 65.6747
24, 51, 62.887, 65.7539
25, 51.4782, 64.1089, 65.7907
26, 51.9711, 68.6131, 65.9916
27, 52.4786, 67.8961, 66.0288
28, 53, 63.8513, 65.9266
29, 53.535, 63.4152, 66.072
30, 54.0833, 66.3219, 66.1998
31, 54.6443, 69.5197, 66.1685
32, 55.2178, 65.5012, 66.3561
33, 55.8032, 63.5846, 66.3957
34, 56.4004, 65.3137, 66.4518
35, 57.0088, 70.1978, 66.708
36, 57.6281, 67.4043, 66.7337
37, 58.258, 64.2065, 66.8941
38, 58.8982, 64.6694, 66.8496
39, 59.5483, 68.6094, 66.9342
40, 60.208, 69.3698, 67.0837
41, 60.8769, 65.1814, 67.0812
42, 61.5549, 64.4559, 67.2607
43, 62.2415, 67.0853, 67.1692
44, 62.9365, 71.6271, 67.6409
45, 63.6396, 67.3642, 67.5912
46, 64.3506, 65.0656, 67.7293
47, 65.0692, 65.9086, 67.8126
48, 65.7951, 70.0499, 67.9002
49, 66.5282, 70.1176, 67.8565
50, 67.2681, 66.3734, 68.0947
51, 68.0147, 65.4711, 68.2902
52, 68.7677, 67.3049, 68.2448
53, 69.527, 71.4625, 68.3035
54, 70.2922, 69.8654, 68.4548
55, 71.0634, 66.8811, 68.7707
56, 71.8401, 65.9207, 68.5599
57, 72.6223, 67.7664, 68.7709
58, 73.4098, 71.7987, 68.6988
59, 74.2024, 70.6642, 68.899
60, 75, 67.4137, 68.994
61, 75.8024, 66.4432, 69.2904
62, 76.6094, 67.7063, 69.1676
63, 77.4209, 71.1051, 69.2419
64, 78.2368, 72.6095, 69.4818
65, 79.0569, 69.2837, 69.5724
66, 79.8812, 67.1023, 69.4262
67, 80.7094, 67.3389, 69.9108
68, 81.5414, 69.2819, 69.9107
69, 82.3772, 72.369, 69.7959
70, 83.2166, 72.7561, 69.9779
71, 84.0595, 69.5834, 69.9889
72, 84.9058, 67.8448, 70.2665
73, 85.7555, 67.736, 70.0701
74, 86.6083, 69.4449, 70.4073
75, 87.4643, 72.3572, 70.4905
76, 88.3233, 73.8402, 70.5195
77, 89.1852, 71.5003, 70.5641
78, 90.05, 69.2916, 70.7593
79, 90.9175, 68.3479, 70.6809
80, 91.7878, 68.6897, 70.7204
81, 92.6607, 70.4752, 70.7619
82, 93.5361, 72.9958, 70.8139
83, 94.414, 73.9844, 70.9333
84, 95.2943, 72.0568, 71.0698
85, 96.1769, 70.1769, 71.3446
86, 97.0618, 68.9915, 71.1885
87, 97.949, 69.0641, 71.3171
88, 98.8383, 70.1571, 71.5032
89, 99.7296, 72.3051, 71.5369
90, 100.623, 74.1658, 71.5122
91, 101.518, 74.2348, 71.6215
92, 102.416, 72.1806, 71.6635
93, 103.315, 70.8091, 71.7912
94, 104.216, 69.7325, 71.8667
95, 105.119, 69.9424, 72.0339
96, 106.024, 70.5411, 71.9771
97, 106.93, 71.8407, 71.9678
98, 107.838, 73.6926, 72.1699
99, 108.747, 74.9974, 72.256
100, 109.659, 74.4405, 72.4144
101, 110.571, 72.68, 72.4114
102, 111.485, 71.5613, 72.5402
103, 112.401, 70.8681, 72.5913
104, 113.318, 70.6306, 72.6818
105, 114.237, 71.0791, 72.7563
106, 115.156, 72.0605, 72.7906
107, 116.078, 73.0558, 72.7211
108, 117, 74.5872, 72.739
109, 117.924, 75.2345, 72.8817
110, 118.849, 75.1502, 73.0559
111, 119.775, 73.8281, 73.1831
112, 120.702, 72.5995, 73.1271
113, 121.631, 71.9399, 73.3637
114, 122.56, 71.4895, 73.3473
115, 123.491, 71.5783, 73.3017
116, 124.423, 71.9793, 73.4916
117, 125.355, 72.9299, 73.4861
118, 126.289, 73.7928, 73.5418
119, 127.224, 75.1378, 73.5604
120, 128.16, 75.7453, 73.7023
121, 129.097, 75.4807, 73.5851
122, 130.035, 75.2205, 73.8571
123, 130.973, 74.4421, 73.9863
124, 131.913, 73.464, 73.9377
125, 132.853, 72.8501, 74.0699
126, 133.795, 72.4624, 73.9082
127, 134.737, 72.4767, 74.0415
128, 135.68, 72.7082, 74.1086
129, 136.624, 73.078, 74.0984
130, 137.568, 74.1816, 74.404
131, 138.514, 74.6114, 74.2752
132, 139.46, 75.6449, 74.4122
133, 140.407, 76.2461, 74.6038
134, 141.354, 76.249, 74.5185
135, 142.302, 76.0584, 74.5549
136, 143.252, 75.5542, 74.7489
137, 144.201, 75.0428, 74.6852
138, 145.152, 74.4584, 74.6626
139, 146.103, 73.7845, 74.6495
140, 147.054, 73.6114, 74.7714
141, 148.007, 73.7715, 75.132
142, 148.96, 73.7249, 75.0705
143, 149.913, 74.06, 75.1549
144, 150.867, 74.3237, 75.1699
145, 151.822, 74.7901, 75.1044
146, 152.778, 75.4053, 75.2438
147, 153.734, 76.1891, 75.5286
148, 154.69, 76.3497, 75.2885
149, 155.647, 76.6161, 75.4077
150, 156.605, 76.728, 75.4084
152, 158.521, 76.4745, 75.5119
154, 160.44, 75.7646, 75.874
156, 162.361, 75.169, 75.7966
158, 164.283, 74.92, 75.9344
160, 166.208, 75.1521, 76.1143
162, 168.134, 75.4287, 76.056
164, 170.062, 76.0234, 76.1201
166, 171.991, 76.9632, 76.4228
168, 173.922, 77.1567, 76.383
170, 175.855, 77.3813, 76.5278
172, 177.789, 76.9281, 76.3839
174, 179.725, 76.7821, 76.6067
176, 181.662, 76.5437, 76.8055
178, 183.6, 76.3731, 76.8445
180, 185.54, 76.4113, 76.9957
182, 187.481, 76.5666, 77.0816
184, 189.423, 76.7605, 77.0828
186, 191.366, 77.0805, 77.1714
188, 193.311, 77.2157, 77.1173
190, 195.256, 77.5271, 77.2941
192, 197.203, 77.7194, 77.4106
194, 199.151, 77.756, 77.4397
196, 201.099, 77.8777, 77.6067
198, 203.049, 77.8853, 77.7169
200, 205, 77.6124, 77.5538
202, 206.952, 77.7478, 77.7265
204, 208.904, 77.8701, 77.9265
206, 210.858, 77.8847, 77.9445
208, 212.812, 78.2681, 78.3138
210, 214.767, 78.1105, 78.13
212, 216.723, 78.2676, 78.272
214, 218.68, 78.4098, 78.412
216, 220.638, 78.6621, 78.6621
218, 222.596, 78.4194, 78.4823
220, 224.555, 78.4398, 78.5737
222, 226.515, 78.3097, 78.4962
224, 228.475, 78.5352, 78.7792
226, 230.437, 78.5386, 78.8005
228, 232.398, 78.5405, 78.7958
230, 234.361, 78.6585, 78.9231
232, 236.324, 78.8878, 78.9781
234, 238.288, 79.1025, 79.169
236, 240.252, 79.1628, 79.0781
238, 242.217, 79.4426, 79.2138
240, 244.182, 79.6914, 79.2492
242, 246.148, 79.9174, 79.4087
244, 248.115, 80.0441, 79.4163
246, 250.082, 80.1178, 79.5155
248, 252.05, 80.0151, 79.4388
250, 254.018, 80.0875, 79.6336
255, 258.94, 79.7807, 79.7265
260, 263.865, 79.4878, 79.9683
265, 268.794, 79.2857, 80.1643
270, 273.724, 79.2947, 80.1852
275, 278.657, 79.4972, 80.2725
280, 283.593, 80.4123, 80.5924
285, 288.531, 81.4005, 80.8308
290, 293.471, 82.2128, 80.9537
295, 298.412, 82.4026, 80.9848
300, 303.356, 82.5423, 81.1666
305, 308.302, 82.1371, 81.3842
310, 313.249, 81.9791, 81.5448
315, 318.198, 81.1535, 81.5684
320, 323.149, 80.3851, 81.595
325, 328.101, 80.3796, 81.8281
330, 333.054, 80.3119, 81.9021
335, 338.009, 80.4046, 82.039
340, 342.965, 80.9848, 82.3387
345, 347.922, 81.5632, 82.1609
350, 352.881, 82.3787, 82.7714
355, 357.841, 83.0181, 82.6763
360, 362.802, 84.2522, 82.6195
365, 367.764, 84.8841, 82.8389
370, 372.726, 85.7092, 83.0125
375, 377.69, 85.6073, 83.0922
380, 382.655, 85.1871, 83.042
385, 387.621, 84.2873, 83.2415
390, 392.588, 83.9722, 83.4767
395, 397.555, 82.934, 83.4981
400, 402.523, 82.455, 83.6409
405, 407.492, 82.8907, 83.8137
410, 412.462, 82.1102, 83.8593
415, 417.433, 81.7868, 83.8593
420, 422.404, 81.6202, 83.9322
425, 427.376, 81.7937, 84.2209
430, 432.348, 81.7812, 84.3392
435, 437.321, 82.0743, 84.3392
440, 442.295, 82.1907, 84.4157
445, 447.269, 82.661, 84.625
450, 452.244, 83.7032, 84.7839
455, 457.22, 83.2078, 84.6543
460, 462.196, 84.8857, 84.8945
465, 467.172, 85.7896, 84.9698
470, 472.149, 85.8259, 85.1108
475, 477.127, 86.9539, 84.9416
480, 482.105, 85.9861, 85.1189
485, 487.083, 88.24, 85.3213
490, 492.062, 89.0755, 85.4473
495, 497.041, 89.8987, 85.4685
500, 502.021, 90.028, 85.5837
505, 507.001, 90.0468, 85.593
510, 511.981, 88.9493, 85.6412
515, 516.962, 89.2697, 85.7231
520, 521.943, 88.1845, 85.7765
525, 526.925, 87.1248, 85.9256
530, 531.907, 86.5167, 86.1504
535, 536.889, 86.3839, 85.9835
540, 541.872, 85.8857, 86.1729
545, 546.855, 85.4747, 86.2459
550, 551.838, 85.5318, 86.3551
555, 556.821, 85.2353, 86.4397
560, 561.805, 84.3152, 86.5654
565, 566.789, 84.2396, 86.6311
570, 571.774, 83.8015, 86.7226
575, 576.758, 84.338, 86.8715
580, 581.743, 83.9573, 86.8904
585, 586.728, 83.5389, 86.6357
590, 591.714, 83.7051, 86.8812
595, 596.699, 83.8027, 87.0624
600, 601.685, 84.0526, 87.1062
610, 611.658, 83.9756, 87.2643
620, 621.631, 84.1232, 87.3656
630, 631.605, 84.2564, 87.3799
640, 641.58, 84.8088, 87.8237
650, 651.556, 86.5802, 87.9374
660, 661.532, 86.829, 87.9081
670, 671.509, 87.1509, 87.9843
680, 681.487, 88.1339, 88.175
690, 691.466, 88.5655, 88.2666
700, 701.445, 91.3777, 88.2427
710, 711.425, 88.3968, 88.5549
720, 721.405, 94.7844, 88.7683
730, 731.386, 95.5437, 88.9458
740, 741.367, 95.166, 88.8503
750, 751.349, 95.3656, 89.0773
760, 761.331, 95.9233, 89.2118
770, 771.314, 95.9849, 89.2504
780, 781.297, 95.3805, 89.3817
790, 791.281, 94.9677, 89.6182
800, 801.265, 90.0367, 89.6958
810, 811.249, 92.9427, 89.7369
820, 821.234, 90.0455, 89.8696
830, 831.219, 88.4662, 90.0527
840, 841.204, 87.0758, 90.1094
850, 851.19, 89.8491, 90.1303
860, 861.177, 89.9157, 90.1925
870, 871.163, 87.7941, 90.2005
880, 881.15, 88.9232, 90.2805
890, 891.137, 87.6391, 90.4336
900, 901.124, 88.0769, 90.5197
910, 911.112, 86.8893, 90.805
920, 921.1, 87.0276, 90.8356
930, 931.088, 87.8418, 90.8596
940, 941.077, 87.1596, 91.055
950, 951.065, 88.1397, 91.0225
960, 961.054, 88.4239, 91.3246
970, 971.043, 87.0978, 91.2899
980, 981.033, 87.1775, 91.3373
990, 991.022, 87.1189, 91.5913
1000, 1001.01, 87.2036, 91.5473